pxcor,pycor,Radiation,FullSunlight
"-50",0,308592.1604746436,279
"-49",5,310188.75380665367,294
"-49",-7,237504.08386674162,169
"-49",9,421815.52154433815,441
"-49",6,343621.0639062234,347
"-49",-6,237312.7016284856,172
"-49",-3,230813.5616671035,144
"-49",-5,226026.21515932417,139
"-49",0,304276.3742323019,265
"-49",-9,285009.2686617815,248
"-49",7,371949.1831111056,377
"-49",-4,218253.4910205289,126
"-49",2,294471.0865866128,271
"-49",1,315447.3795973422,287
"-49",3,255505.48062089994,210
"-49",4,269154.9940227961,224
"-49",-2,262388.3181343996,181
"-49",8,390268.4433340972,396
"-49",-1,268352.56177173025,191
"-49",-8,252021.25549496527,202
"-48",11,385248.0997735078,399
"-48",4,267637.6537696051,243
"-48",-11,361310.28830708243,387
"-48",-3,283530.6318026739,219
"-48",14,302168.82171458704,277
"-48",-9,288410.5968929212,260
"-48",6,312581.98061535903,302
"-48",-10,340319.3250154826,345
"-48",8,373111.45393758017,372
"-48",12,368287.9318719874,370
"-48",1,286847.32666309987,250
"-48",2,266195.88773633266,232
"-48",-6,251165.51170548648,177
"-48",3,262703.57111264725,231
"-48",-4,283425.7045314615,219
"-48",9,370813.7188265789,374
"-48",-2,287131.71402834513,228
"-48",0,278010.0213566324,222
"-48",-7,250804.6018464622,188
"-48",-5,269306.38104748755,199
"-48",-12,310679.3293790645,307
"-48",5,305455.3733777118,300
"-48",7,355396.7842526337,359
"-48",13,338566.3571481562,327
"-48",-8,242288.11304748556,189
"-48",10,386302.80545489804,403
"-48",-13,313638.1162095258,310
"-48",-14,326578.73559728806,335
"-48",-1,278220.7109460345,214
"-47",-2,293419.310034311,260
"-47",1,273631.5823195957,238
"-47",-17,255066.29398752018,223
"-47",5,263615.6331913858,246
"-47",-13,326398.8862785573,306
"-47",15,293743.56550918106,268
"-47",-7,314499.3018334115,272
"-47",-6,302473.5721678983,264
"-47",9,363236.2949305956,341
"-47",0,281843.8788689707,248
"-47",3,253356.8686564974,216
"-47",12,372922.53951314546,370
"-47",-5,306604.598224774,269
"-47",-14,365140.0001240861,380
"-47",17,305120.2626529095,259
"-47",6,256982.4423812949,230
"-47",-1,258181.52648479192,222
"-47",-3,305590.48100392084,255
"-47",-4,306104.8442989484,264
"-47",8,377084.3315976143,368
"-47",-15,332482.23165561183,341
"-47",-10,343720.06275864004,330
"-47",-9,353784.0662899611,339
"-47",7,321556.58594168676,307
"-47",14,335205.32985027117,335
"-47",11,382860.5497289034,376
"-47",10,385155.0867924683,385
"-47",-11,358592.2240268759,353
"-47",13,365949.2809317636,358
"-47",-12,329254.63322719,303
"-47",-16,311289.56333341333,314
"-47",-8,321564.3337364749,290
"-47",16,273780.5394740808,227
"-47",4,271313.7398618746,252
"-47",2,253453.54013120607,221
"-46",-3,290676.9286927885,286
"-46",13,353125.2122805566,350
"-46",5,250745.44940075962,223
"-46",-7,348078.5070781264,320
"-46",10,405376.88467469014,408
"-46",-8,334389.71776657307,297
"-46",-14,341762.32388878264,346
"-46",18,387312.1618409733,383
"-46",-17,225964.5692182221,200
"-46",15,317694.56412319414,305
"-46",-6,337133.96437609784,317
"-46",9,372582.3654030138,369
"-46",3,237949.67156397432,190
"-46",-1,261041.85592678,245
"-46",17,351305.8271891866,324
"-46",-10,326196.6926657538,283
"-46",-12,344525.7215612306,328
"-46",-18,213017.19117629912,173
"-46",-5,343236.32005232875,337
"-46",8,355751.43628160714,346
"-46",14,337955.30902954226,351
"-46",7,300341.21276051167,270
"-46",-11,344436.04920231586,317
"-46",11,401347.1608106033,407
"-46",-19,222030.9677479281,168
"-46",2,255112.56530574927,219
"-46",-16,245118.76289687905,219
"-46",0,251695.8671252797,231
"-46",19,396576.6611451467,409
"-46",12,360162.6344701884,357
"-46",6,262204.672091087,222
"-46",4,261986.6263770686,239
"-46",16,337549.49590907793,323
"-46",-9,301332.43619505386,244
"-46",-13,329554.0487962887,305
"-46",-4,316240.45183379523,317
"-46",1,248220.74314404008,227
"-46",-2,271821.4301949642,266
"-46",-15,257442.95153504197,220
"-45",-5,373839.060502829,375
"-45",3,253981.30378280522,205
"-45",13,358143.50006270205,376
"-45",-21,214122.83754367498,175
"-45",-4,316282.7828081464,303
"-45",6,255096.64043075888,219
"-45",-13,289119.257018372,259
"-45",-18,220123.3166443994,167
"-45",21,425539.73105379596,478
"-45",-2,280067.0675022542,273
"-45",17,369069.6687939376,364
"-45",4,239550.0716468263,204
"-45",-15,257357.9531567967,240
"-45",-19,216631.3939434391,161
"-45",-1,277489.8926230715,262
"-45",10,388541.1496241502,407
"-45",-14,251736.75187104888,228
"-45",12,356994.9476575196,367
"-45",-17,262061.89083909287,241
"-45",11,370246.072754004,383
"-45",16,361218.72771127586,365
"-45",-6,385234.4971778163,373
"-45",7,313504.5653141363,305
"-45",-9,261200.41746577134,179
"-45",-7,391915.7147741607,370
"-45",18,380687.6130851257,388
"-45",9,394091.7386921097,418
"-45",5,235238.90746458407,192
"-45",-3,300510.0358886105,297
"-45",15,354939.11708235607,362
"-45",14,359886.24643669475,372
"-45",2,244378.10440732617,188
"-45",1,253389.33401298375,226
"-45",-20,223093.27493796745,178
"-45",-10,272971.65292180545,203
"-45",19,382443.18370129645,391
"-45",-16,248342.13794291785,222
"-45",8,348282.3879923245,353
"-45",-11,313398.2316343498,283
"-45",20,387750.8940819261,410
"-45",0,260581.69142482628,239
"-45",-8,303248.8282961719,233
"-45",-12,302134.034392981,277
"-44",5,235063.89943616214,188
"-44",-19,194894.66268443834,137
"-44",-1,308835.96422428853,295
"-44",21,398821.94274842995,445
"-44",4,234152.65356092952,193
"-44",-2,345842.99010164576,351
"-44",-13,250015.66249047764,201
"-44",-4,340090.94147676276,312
"-44",2,226213.59752178637,170
"-44",22,400079.57715725404,438
"-44",-7,353496.2540070581,300
"-44",0,289838.4575951737,267
"-44",19,348129.4996829796,354
"-44",18,312915.0636897742,279
"-44",14,340578.39621950476,342
"-44",-12,250824.6049666799,204
"-44",13,357417.61431977956,371
"-44",-11,253322.508879103,185
"-44",-14,250656.9994467859,214
"-44",15,350541.13818739296,344
"-44",7,340871.55267944507,351
"-44",-3,325980.1698802787,308
"-44",-6,345392.0528937498,307
"-44",-23,289456.8869235861,280
"-44",-22,236918.3985254684,213
"-44",-8,308993.8408142552,231
"-44",9,391111.9918376181,425
"-44",-15,267498.30799281923,247
"-44",-17,255476.4773018112,230
"-44",23,412194.0853933723,455
"-44",-9,300730.01399698696,229
"-44",6,312951.79750008485,312
"-44",8,360679.8176085524,388
"-44",-5,355254.80986505613,333
"-44",1,259473.80016241962,225
"-44",-20,198696.41153620722,150
"-44",-18,204243.98591436844,154
"-44",20,378737.6752471617,414
"-44",16,376620.64345488534,384
"-44",12,355240.24709805433,377
"-44",-21,215232.1631189172,193
"-44",11,368777.518372563,390
"-44",-10,252093.22580133763,174
"-44",3,229495.38270644692,164
"-44",10,376621.3017560946,405
"-44",17,369254.33220242104,364
"-44",-16,237645.0209907366,203
"-43",-23,318712.42101999983,331
"-43",20,390944.54750411643,434
"-43",-18,217512.35416615405,162
"-43",-2,363781.9255631344,355
"-43",-24,334237.82215085876,336
"-43",2,239384.14520723847,193
"-43",12,385338.31588863657,399
"-43",-10,277853.86886050424,215
"-43",-4,340450.0068995359,315
"-43",7,361959.82176921505,390
"-43",24,396968.32014223817,437
"-43",-21,248018.5591574495,214
"-43",-20,225362.5838485454,172
"-43",-12,242554.6382101171,178
"-43",14,365800.4972726404,354
"-43",-7,359666.3440159026,314
"-43",-11,276056.57088574854,213
"-43",-19,220505.63839887647,151
"-43",-3,370768.0183450048,372
"-43",11,374498.0429969356,385
"-43",18,282065.2684355761,253
"-43",10,380346.3815207658,408
"-43",-8,317043.0292073015,246
"-43",19,372214.8346983678,396
"-43",13,380195.56694965664,386
"-43",21,398161.0827341806,434
"-43",-22,308979.223700254,325
"-43",-1,330934.6730400366,317
"-43",23,390551.45427336637,417
"-43",8,385547.65497642016,423
"-43",-13,236509.5234497294,176
"-43",22,388105.63227791217,410
"-43",15,369798.328916291,371
"-43",4,275970.88762536616,243
"-43",6,341460.8621042143,352
"-43",3,265054.2957127234,220
"-43",-6,336101.2612408065,272
"-43",-16,243414.87718388153,216
"-43",-25,375023.07907697617,382
"-43",1,250895.50909224447,202
"-43",9,392057.10344330326,430
"-43",17,278360.81558431993,241
"-43",-14,246921.21506908734,184
"-43",-5,325292.9644879166,276
"-43",0,300131.3178479112,270
"-43",25,384823.1937268606,423
"-43",16,304688.5388140964,267
"-43",5,280048.735544369,249
"-43",-15,257436.2986640111,229
"-43",-17,246037.29473591468,221
"-43",-9,294754.1280808584,224
"-42",-14,241111.32478076525,211
"-42",12,417973.1690985856,422
"-42",3,263965.7501318036,220
"-42",-23,347499.82101370976,375
"-42",10,407547.415871355,436
"-42",-10,283061.9608157192,237
"-42",-4,339235.2706519785,286
"-42",-1,352128.51354443544,339
"-42",-22,332836.36025553686,352
"-42",-3,370699.6963181119,344
"-42",16,299416.65194275044,240
"-42",-19,255242.42564299758,195
"-42",17,277561.6953698149,229
"-42",4,291578.13555155334,270
"-42",2,238554.31064595893,189
"-42",11,400211.97619117884,408
"-42",19,338575.1815443419,350
"-42",-12,257401.05019967273,224
"-42",-15,249567.6962111286,217
"-42",-24,362128.24899454776,375
"-42",-16,254667.8026509785,230
"-42",24,399962.2885289998,424
"-42",-5,321077.73053233046,240
"-42",25,397137.6181236724,413
"-42",7,387889.0882535688,422
"-42",0,302366.9884650197,267
"-42",-27,340441.2460931292,326
"-42",-18,256162.64956742732,213
"-42",-11,274634.71957956505,228
"-42",20,394603.725138861,436
"-42",-13,247440.72322701287,221
"-42",14,393174.9738297219,384
"-42",5,309076.9594592409,304
"-42",-6,333797.67746383813,270
"-42",13,444543.6294091712,470
"-42",6,352112.1727845033,360
"-42",-20,263079.5136059518,205
"-42",-26,380485.275777236,385
"-42",-8,312651.47422952735,261
"-42",21,381477.1298050131,406
"-42",-2,376359.8176052518,358
"-42",27,341623.69265037973,329
"-42",18,281185.78047509625,241
"-42",-7,342568.06670412584,292
"-42",22,383458.3392191897,406
"-42",-21,283265.8918700992,251
"-42",8,431071.08880075486,489
"-42",26,376871.4555010243,386
"-42",-17,250797.27559033383,216
"-42",-25,385252.57236948085,395
"-42",-9,294853.27831357607,244
"-42",9,423360.0979099399,470
"-42",15,324265.6220156713,275
"-42",23,391437.39500894444,416
"-42",1,256351.09671363127,204
"-41",0,349092.9397624439,326
"-41",-8,335520.93504572415,308
"-41",-18,278134.28673814086,242
"-41",20,384757.4643233066,410
"-41",13,416087.90046260325,417
"-41",-9,327835.8204667736,307
"-41",25,372526.24380993395,372
"-41",11,403639.2650353386,405
"-41",4,324992.4752019628,310
"-41",-26,355172.8556661825,347
"-41",-27,314467.99720321305,284
"-41",28,349124.1255194896,333
"-41",-21,330369.1564837952,314
"-41",10,415710.2915785446,441
"-41",-2,343548.9761814085,305
"-41",-22,364923.14000090247,378
"-41",-17,261385.6804273327,227
"-41",-19,297480.8821801463,251
"-41",17,290905.07291349623,239
"-41",23,390800.3656926934,416
"-41",-23,370588.9456168942,401
"-41",1,305656.432343688,272
"-41",-24,363317.9298978274,375
"-41",16,310627.82086339913,254
"-41",-1,372535.59749781055,368
"-41",6,330959.486844853,330
"-41",-28,292798.48889737827,241
"-41",3,311102.39507488476,284
"-41",-13,230062.39891322659,198
"-41",-16,267963.18512161315,250
"-41",19,357063.63209193334,353
"-41",-11,316729.69696740987,308
"-41",-15,235692.12143967565,209
"-41",2,269319.55172117765,221
"-41",15,347598.5156869268,305
"-41",-25,363398.54685380985,361
"-41",21,371386.31515471946,388
"-41",-3,344021.90889525524,274
"-41",24,387937.84353612846,410
"-41",27,406259.74979266356,416
"-41",-10,311610.44513678795,288
"-41",-5,337998.69464797655,270
"-41",-6,362324.1681032859,320
"-41",-20,314583.2858915426,263
"-41",-7,335381.15400398563,293
"-41",14,379403.64075306314,359
"-41",22,384495.3917159905,402
"-41",9,432744.4130731748,481
"-41",12,418323.91922434006,420
"-41",18,300125.3050437752,258
"-41",8,464099.6065524061,542
"-41",-12,281413.3841993238,262
"-41",5,319205.3760603404,306
"-41",7,399416.82081941504,437
"-41",-14,227148.24145241335,201
"-41",26,403666.1044383237,414
"-41",-4,342496.95447540306,276
"-40",-26,339896.34142545605,323
"-40",-18,257459.37867641053,207
"-40",14,377379.4935567029,363
"-40",-20,282136.32538296666,216
"-40",-12,273266.8168495737,273
"-40",25,368630.6879421922,365
"-40",21,393425.3279477543,423
"-40",-9,372133.4922094949,370
"-40",-2,325957.69266005495,263
"-40",-24,364841.40372219885,366
"-40",7,396249.9777174609,435
"-40",18,323202.21895568894,278
"-40",9,473234.88332716015,527
"-40",23,398502.3250316827,437
"-40",27,399161.61908608046,401
"-40",15,353279.0265020577,312
"-40",-29,256325.68426824626,198
"-40",5,311913.5744350077,281
"-40",10,431565.0214695555,448
"-40",-8,374882.292021924,364
"-40",2,302540.4517295664,269
"-40",-22,374779.56024012127,371
"-40",-16,245518.92412341395,214
"-40",-6,410074.9650095061,400
"-40",12,411693.4424767024,403
"-40",-13,269281.27378726343,274
"-40",-5,386260.2172935459,359
"-40",19,378676.27931698266,379
"-40",29,367354.97469616175,343
"-40",-7,392701.06087415223,389
"-40",-30,281308.6260890439,234
"-40",-10,328265.737177575,313
"-40",-11,296928.1137069527,288
"-40",16,340658.7832085738,291
"-40",11,435710.80073754146,443
"-40",28,404244.4410795109,410
"-40",-4,364429.01913222676,315
"-40",20,404075.20138187066,442
"-40",-1,330031.271258909,297
"-40",6,332918.62637728476,319
"-40",-21,337949.6450667485,312
"-40",0,317989.27629198565,283
"-40",-19,248073.87384945812,180
"-40",4,297048.83834564616,250
"-40",-15,226924.1697555183,196
"-40",-3,342667.01225988247,280
"-40",26,389756.0803439729,380
"-40",-27,293222.7296039166,251
"-40",13,388162.96823018487,373
"-40",-25,358745.46333649417,361
"-40",3,300088.5234644163,258
"-40",-23,372023.73902535316,374
"-40",-14,253790.46981626836,252
"-40",-17,260993.49878123446,228
"-40",30,329461.4223752676,287
"-40",-28,243071.56552453572,179
"-40",24,363338.59417123254,382
"-40",17,318603.9784118216,260
"-40",1,310410.818336489,272
"-40",22,391638.6828462422,432
"-40",8,465306.90977122064,529
"-39",-28,237229.73159439338,164
"-39",0,273573.1526254119,221
"-39",3,298036.3110461072,252
"-39",-17,305633.0375657416,292
"-39",12,399481.9660673858,396
"-39",8,413369.45098608354,446
"-39",27,422812.3650548874,440
"-39",6,296109.3105496738,276
"-39",21,353962.9276088058,380
"-39",-15,244804.25083577432,210
"-39",26,397173.89125471015,404
"-39",2,305800.78850633436,254
"-39",14,341098.2394006417,319
"-39",28,417423.5774278794,428
"-39",5,279381.71959374816,245
"-39",13,379513.2570509705,377
"-39",-19,292620.8203403491,235
"-39",-18,291898.73134875635,256
"-39",-29,253914.99575056304,191
"-39",-6,415747.21478647774,414
"-39",-22,359488.19652475,357
"-39",-2,312827.81110046967,266
"-39",-31,312917.3939666732,267
"-39",-3,335453.8813266016,297
"-39",-20,341633.636768835,298
"-39",-14,257825.98376238154,232
"-39",10,497035.257609024,545
"-39",25,360011.58091471344,361
"-39",-11,294431.5932748212,289
"-39",19,380455.18667683395,397
"-39",1,289146.61456889944,228
"-39",-25,343597.5379792131,339
"-39",-1,300000.17202223925,264
"-39",-12,272137.0639619305,276
"-39",-7,397076.5216063889,402
"-39",30,379995.1767599305,369
"-39",15,347189.76746139466,314
"-39",-13,258291.5236474557,244
"-39",-5,399777.5748087836,395
"-39",7,345563.7844461323,353
"-39",22,336159.4414454656,348
"-39",-21,353985.3643026814,333
"-39",-24,340318.46879104804,324
"-39",9,507175.7345273347,582
"-39",-8,379778.8859545393,368
"-39",11,425502.72931464785,426
"-39",-16,320709.2462640827,321
"-39",29,414292.5164630928,420
"-39",-23,352159.429718401,336
"-39",20,391646.35222177295,434
"-39",-10,357393.54915142216,361
"-39",-30,297874.5294773732,251
"-39",23,375938.07136505004,405
"-39",17,318813.2869639892,287
"-39",4,287000.6570881825,242
"-39",-27,288280.1535804779,247
"-39",16,327497.4769342964,294
"-39",18,364625.3273973566,357
"-39",-26,319299.0131864269,304
"-39",24,390472.2308085085,422
"-39",-4,377258.37599843286,351
"-39",-9,370448.96449557465,363
"-39",31,362399.866466329,344
"-38",14,364347.43979133706,364
"-38",-22,351300.0961429156,335
"-38",-3,349458.73685380025,328
"-38",15,349160.82104622154,333
"-38",-20,351506.4871809523,317
"-38",29,401568.1462830449,404
"-38",18,363381.1571142007,369
"-38",21,379191.4095915162,416
"-38",23,387875.17248065857,412
"-38",-13,263473.1464457836,245
"-38",-17,313766.59748927853,314
"-38",-5,380312.5174486756,365
"-38",12,425993.58358527074,447
"-38",20,384590.55293906206,413
"-38",-15,307034.63651678327,306
"-38",-24,347795.15187080257,335
"-38",-2,315789.3276798799,280
"-38",-25,333352.1875628835,317
"-38",0,264773.45264718187,237
"-38",-19,344125.48999961,311
"-38",-29,261044.3077898916,212
"-38",-21,351873.4713246807,327
"-38",9,511819.99634066096,586
"-38",17,379370.3038860093,377
"-38",10,538556.752189369,616
"-38",2,254069.6415958363,213
"-38",3,275293.0470815849,235
"-38",-26,318638.2638393602,292
"-38",-6,414713.327680623,419
"-38",4,296443.8600889973,279
"-38",13,398249.2424777105,416
"-38",6,296077.7916193542,283
"-38",-32,314874.9589707145,258
"-38",30,392186.3427902941,390
"-38",-30,290752.35714876297,251
"-38",-23,339900.157553319,323
"-38",8,441085.2005858218,477
"-38",-14,278005.81006404106,270
"-38",-10,327093.9822250359,315
"-38",32,327041.5402357219,315
"-38",-18,323215.16775865154,302
"-38",7,347166.90248216776,345
"-38",-11,342655.1374012793,374
"-38",31,383188.33853039955,381
"-38",19,357711.0350179542,369
"-38",-7,403925.50322201126,411
"-38",11,487747.2417538519,532
"-38",24,410851.76116298646,443
"-38",22,381225.7188450639,423
"-38",26,399865.97927124857,400
"-38",-9,329024.9590170634,305
"-38",1,229316.34833292908,183
"-38",-8,361686.14230489783,347
"-38",-28,260635.55072419625,223
"-38",16,346606.64797613537,329
"-38",28,436622.3179536346,462
"-38",25,380131.7695813461,386
"-38",-16,339139.9201803993,358
"-38",-4,360365.16880336916,338
"-38",-31,302944.8103954303,260
"-38",5,295654.111749947,282
"-38",-12,281196.62319176865,279
"-38",-1,290115.5942501615,261
"-38",-27,278653.022893955,246
"-38",27,458942.00780957856,487
"-37",-29,281295.7636456116,254
"-37",18,341515.12144720723,321
"-37",3,276816.0922729882,232
"-37",32,328678.7128500955,313
"-37",2,248311.249956546,209
"-37",-3,343741.7672236572,300
"-37",-1,284524.1806045467,239
"-37",-9,349135.16017660155,323
"-37",16,419147.8327184419,426
"-37",13,435101.9200578835,467
"-37",-14,302619.88117096,305
"-37",-24,351610.7389460922,329
"-37",1,247576.9130426108,217
"-37",-23,360669.6089377989,363
"-37",0,257671.27514100305,224
"-37",-2,316256.11748486874,255
"-37",9,507763.01963106124,573
"-37",-13,314445.6245291738,313
"-37",-20,343805.64427696535,315
"-37",30,422510.91364980664,435
"-37",-22,331866.3045035881,302
"-37",20,371329.84807665163,396
"-37",25,370684.66344441037,387
"-37",-21,316182.33712037344,277
"-37",23,394253.83252001106,426
"-37",26,377217.0062437241,375
"-37",24,381563.03084638884,417
"-37",-15,320799.42666511046,334
"-37",17,398433.19620134454,405
"-37",-5,359673.5672821399,342
"-37",33,280430.518910576,246
"-37",-8,389865.36447427334,388
"-37",-18,333415.5996822573,332
"-37",4,331302.33949720406,314
"-37",-30,321596.19572954916,304
"-37",5,350412.6985654458,340
"-37",-6,403431.1781203034,402
"-37",19,369825.22352908115,383
"-37",-31,331329.37305149774,312
"-37",12,472394.6894800419,514
"-37",22,380625.8713684061,402
"-37",-7,411470.1579834554,416
"-37",28,391870.23338647967,393
"-37",-32,352827.25292807445,346
"-37",-33,343808.72747693124,332
"-37",11,493185.8714929323,549
"-37",15,404744.3028015348,417
"-37",-19,353371.6548624471,334
"-37",8,472230.5695645879,536
"-37",10,503503.3139979955,570
"-37",-25,334883.9322149572,291
"-37",-28,270797.4872146292,237
"-37",-10,330108.0503789154,314
"-37",-27,293894.6021170581,255
"-37",31,381748.19151719025,389
"-37",-12,307744.07031595154,302
"-37",-16,310760.3048479548,318
"-37",-11,319302.2745687749,325
"-37",27,381769.423272655,373
"-37",21,366221.25320507586,384
"-37",-4,349027.32402735826,308
"-37",6,336752.6770994398,331
"-37",29,393944.05203936854,395
"-37",-26,322272.6898521156,279
"-37",14,418933.63490222,444
"-37",7,391524.22914965794,415
"-37",-17,313657.9592187417,309
"-36",23,366964.1270888796,405
"-36",29,382899.9163149835,371
"-36",-29,303759.12654500647,291
"-36",-23,351570.54138193466,354
"-36",-32,369930.47135141486,374
"-36",-10,399906.0866700087,399
"-36",11,468567.138398976,506
"-36",33,301855.0101176368,260
"-36",-5,341813.2491352554,305
"-36",-2,315025.2705977788,249
"-36",6,414456.5365702464,457
"-36",-17,292836.02237415215,296
"-36",21,358492.76756913005,373
"-36",14,449778.20915889414,478
"-36",25,391742.6248602744,423
"-36",4,366265.2526338382,372
"-36",-14,300011.67782537476,311
"-36",-27,289022.2372885963,247
"-36",7,404408.9877219122,446
"-36",13,456075.0097184641,487
"-36",-33,355933.9301499706,351
"-36",-8,427933.14686463913,428
"-36",18,357772.088108322,329
"-36",-15,272373.05722701276,271
"-36",12,469355.7151018282,499
"-36",0,273786.57441832195,231
"-36",32,307463.81146617787,273
"-36",-9,411565.2473709069,401
"-36",-31,374883.34363594186,381
"-36",3,307057.77524859604,286
"-36",-11,344238.84315898985,334
"-36",34,277585.4541066272,266
"-36",-24,327054.4388440791,305
"-36",16,419881.23018486676,420
"-36",20,359113.5861047901,380
"-36",-12,353859.03092740104,350
"-36",-21,300709.44759752724,260
"-36",-6,390693.765452627,367
"-36",-3,331203.96880588966,273
"-36",27,341587.5845911188,302
"-36",-25,309739.9592519214,263
"-36",-18,325490.6528152153,320
"-36",31,342701.8747899849,321
"-36",-4,316288.74287775904,256
"-36",26,363014.91005730303,352
"-36",10,458267.25689200603,511
"-36",17,385858.09004212735,367
"-36",15,458977.58525264496,495
"-36",-34,360290.86076606286,373
"-36",9,455863.1681077658,505
"-36",-22,332721.6481281357,313
"-36",-20,309721.5670190839,284
"-36",-19,300884.237624245,271
"-36",22,365857.1830187005,386
"-36",-13,329053.31873656256,324
"-36",-1,300806.8209654079,242
"-36",19,360278.99237718224,356
"-36",-26,314201.47676409385,263
"-36",-28,288420.6639979717,258
"-36",5,427857.9031162942,472
"-36",-30,354342.5769484078,354
"-36",28,383230.19927889475,370
"-36",1,262047.77290126987,224
"-36",8,466940.62171569036,544
"-36",-16,277472.756390184,280
"-36",2,256257.17897474553,217
"-36",24,364016.3682878733,401
"-36",-7,423051.0339654004,417
"-36",30,375929.2515826059,367
"-35",17,416904.00132469874,409
"-35",3,330651.2660537593,321
"-35",23,363562.79968779604,386
"-35",-14,263347.9478476795,260
"-35",33,289636.4632850809,279
"-35",-6,377265.91085774126,343
"-35",-26,276336.3430590831,223
"-35",-28,280214.3423587313,249
"-35",28,324091.8628671661,276
"-35",14,465446.3272854021,500
"-35",-30,393898.2028806262,421
"-35",-7,402807.596374638,390
"-35",-2,328692.26938685816,270
"-35",-32,407800.0909419778,449
"-35",-18,282202.9241376909,282
"-35",34,269742.85255942465,274
"-35",15,476004.7919262253,524
"-35",9,437971.8924521066,486
"-35",-34,398358.43595655053,441
"-35",2,286814.27908661735,250
"-35",-27,277539.5070351748,240
"-35",30,367224.5176263061,337
"-35",32,328976.32895050035,326
"-35",-33,393162.421256596,422
"-35",-8,412846.7352508329,402
"-35",-11,361644.46976337035,362
"-35",31,342955.8497302968,315
"-35",10,441321.6054636958,492
"-35",18,381927.5746294445,366
"-35",16,465355.7036465123,498
"-35",-21,314544.04247654305,283
"-35",0,291202.71887975046,249
"-35",6,456174.54068656836,516
"-35",-9,442926.95676867315,447
"-35",7,466683.4765391947,536
"-35",20,348990.2322314723,368
"-35",5,425151.25272285985,472
"-35",-29,311334.85452429,297
"-35",-25,280877.0929449296,232
"-35",-19,280629.8170993054,259
"-35",-23,335127.97405175964,317
"-35",-22,337447.9793665138,316
"-35",25,402334.79251810245,432
"-35",-12,337461.94506419497,338
"-35",-20,285109.0592012036,266
"-35",-10,435029.4513364611,453
"-35",-13,285142.16051100043,269
"-35",24,366313.3622868538,377
"-35",13,462349.0521507734,488
"-35",-24,294639.0208229886,246
"-35",-5,339955.2081136142,295
"-35",19,352431.71700982575,350
"-35",-17,264541.0212110204,262
"-35",-1,310494.47307074774,266
"-35",-35,378613.86857252393,402
"-35",-16,259485.02938568572,258
"-35",-31,451393.2435382342,512
"-35",-3,338070.46795010066,302
"-35",22,354587.7317321279,377
"-35",11,452168.2921615702,485
"-35",35,237215.81563284626,237
"-35",26,393046.9267590371,411
"-35",8,445851.9503098084,516
"-35",1,277024.3149637325,235
"-35",27,335203.7893529024,304
"-35",4,395361.46019233565,429
"-35",-15,263076.8046597627,267
"-35",-4,317540.87355994625,265
"-35",29,392917.37730580627,375
"-35",21,352988.7743650276,377
"-35",12,455323.8347063237,475
"-34",-9,454852.73991128086,470
"-34",33,286980.9005077467,278
"-34",-32,434608.0064993809,484
"-34",17,383729.7280644455,357
"-34",12,429783.7629698572,440
"-34",-30,400229.23680311686,427
"-34",-15,224040.26695956712,222
"-34",-17,245435.57721469217,251
"-34",-2,336561.99099252984,293
"-34",-4,336618.53201130533,295
"-34",-20,262619.9849128202,228
"-34",-18,261650.71131277966,261
"-34",16,429582.25697745563,433
"-34",-14,227754.00896026962,221
"-34",24,362030.3409510748,372
"-34",9,398185.8085286482,415
"-34",-7,428491.65727017657,436
"-34",34,255081.99198304416,250
"-34",-22,339649.406348134,317
"-34",-11,391851.40352067695,406
"-34",1,291515.6128210122,256
"-34",14,476842.8679488975,514
"-34",-35,364641.5793491138,375
"-34",-31,415734.83431021316,456
"-34",-27,256167.17865565096,211
"-34",-36,338533.01970695634,338
"-34",13,462760.9285236487,479
"-34",-1,324465.7432370782,286
"-34",-8,435309.9487687267,428
"-34",-33,422728.1095689592,474
"-34",0,305115.4310325333,271
"-34",11,424130.0917787994,430
"-34",31,353021.22122350265,331
"-34",-6,391726.00349167734,381
"-34",3,373992.0293827428,398
"-34",27,367335.14337172953,356
"-34",-10,461294.45559885923,502
"-34",10,420773.9782720931,451
"-34",-13,240863.74768989417,207
"-34",18,345467.01347287395,305
"-34",5,422588.89464753284,463
"-34",6,453726.17624151846,496
"-34",-25,286429.0138275154,233
"-34",15,469391.3348130427,501
"-34",8,440237.5824202648,498
"-34",-24,314535.05053723714,274
"-34",19,351573.3942238664,351
"-34",35,227471.0320871928,217
"-34",-23,350100.82602063636,326
"-34",21,362169.44029941666,387
"-34",-26,260172.9220006946,209
"-34",28,348700.21121456334,315
"-34",-29,304589.77840596146,284
"-34",20,358503.5927174305,384
"-34",-28,270784.77958519844,235
"-34",29,362247.68336498836,313
"-34",-19,253375.16993666717,222
"-34",30,377436.24741063314,340
"-34",-3,341044.7011190065,318
"-34",-21,286326.23588449205,255
"-34",25,375091.8099606991,383
"-34",4,397960.2806895376,436
"-34",7,484770.22393432265,565
"-34",26,370139.71845463006,371
"-34",-12,259049.1573679894,214
"-34",23,367198.78372018854,388
"-34",36,203095.1250666281,184
"-34",-34,402748.0485152453,442
"-34",32,330170.9869678219,326
"-34",-5,363169.76468917076,332
"-34",22,364915.04638243385,386
"-34",-16,232052.0647703036,238
"-34",2,307843.62587967905,276
"-33",-7,466729.4258520176,490
"-33",-23,333583.35951162793,315
"-33",-8,479133.7768709122,478
"-33",2,355655.91866510414,364
"-33",-25,318228.2105981071,279
"-33",-18,253940.25440035723,247
"-33",6,330334.4851146238,323
"-33",34,247677.18404755698,241
"-33",0,322028.4056649097,294
"-33",20,329274.56530517974,330
"-33",-13,199132.03918808064,172
"-33",-17,237926.98756439803,230
"-33",-21,291661.16370870447,255
"-33",-32,392139.0322856967,403
"-33",17,393276.2730773322,370
"-33",7,390952.99808332726,423
"-33",-11,388424.62997654313,421
"-33",14,488927.28680698207,503
"-33",-27,288120.4597542554,248
"-33",3,357782.47935013566,377
"-33",1,316160.71520304395,290
"-33",15,437854.048994559,433
"-33",28,344112.0206756802,310
"-33",-15,207204.69532649397,202
"-33",22,320756.5902840836,333
"-33",-16,219341.5635529648,215
"-33",33,285512.3101715879,280
"-33",-36,271554.10545463493,230
"-33",12,435152.4904535758,446
"-33",18,379736.16700125975,350
"-33",29,348511.1172342521,299
"-33",-20,253889.0858085733,212
"-33",-5,412235.9637680683,421
"-33",-29,311269.6296816365,293
"-33",21,332441.474125281,344
"-33",27,353024.2725434964,335
"-33",-30,360611.0080115771,370
"-33",-28,273801.1327082351,233
"-33",9,388048.9617945415,387
"-33",-37,267318.03683568665,228
"-33",-31,369681.240204422,378
"-33",11,413371.89592316037,409
"-33",5,331370.3386244325,320
"-33",-14,202670.0805823107,190
"-33",-26,311000.69607841346,280
"-33",-19,260817.21755314793,242
"-33",-24,332960.20338653657,307
"-33",19,333055.83097852435,290
"-33",30,342313.69274359086,291
"-33",16,422773.0636271928,417
"-33",10,386393.88458256715,369
"-33",-22,311054.432428892,271
"-33",-12,261738.50850575944,239
"-33",13,465544.68569495925,474
"-33",8,414815.97953778127,449
"-33",-33,392640.9143652958,411
"-33",4,332690.9527000023,337
"-33",-1,332580.5789838705,301
"-33",24,334020.8062140985,324
"-33",-2,337982.139201122,312
"-33",-10,450723.3862411853,490
"-33",23,318419.93435950397,315
"-33",-4,372879.95823008526,362
"-33",25,322864.5810215372,296
"-33",31,354684.2337033583,339
"-33",26,329364.7609473132,300
"-33",-3,365168.80018839834,359
"-33",-9,496049.0122469794,529
"-33",-6,435386.8357278351,446
"-33",35,229962.49696753928,219
"-33",-34,338106.0127223743,320
"-33",37,216810.78532251433,199
"-33",32,340258.2095214112,336
"-33",-35,288882.2966654919,255
"-33",36,220891.1245704038,201
"-32",-5,448971.1877090967,481
"-32",27,330449.67607012816,292
"-32",-6,458331.3261439146,477
"-32",-31,360371.78306022147,376
"-32",22,373799.85088288714,403
"-32",-13,193390.04547996726,164
"-32",-8,463712.4158657305,460
"-32",7,353231.7831423017,355
"-32",-22,330593.60302670824,308
"-32",35,242642.44818132065,223
"-32",-37,237147.2978960114,209
"-32",37,235715.26750458678,203
"-32",18,413972.9966110083,386
"-32",21,416679.6370411117,462
"-32",-38,251242.05346669056,234
"-32",25,311738.80645420204,282
"-32",32,352990.2425250267,356
"-32",36,241822.67410975957,210
"-32",-25,351841.94665676175,343
"-32",15,438863.3443734485,435
"-32",-33,347832.0967469321,336
"-32",-17,224531.83379449512,218
"-32",-18,244260.15074456908,233
"-32",-7,461403.8125388179,474
"-32",17,422271.7889589448,404
"-32",9,381277.59760007553,371
"-32",-9,446321.2405641514,456
"-32",-14,186932.2345320702,166
"-32",33,322852.4235747497,339
"-32",14,458075.8265826781,469
"-32",20,435351.48908298055,469
"-32",26,316573.5073235162,278
"-32",12,438465.58109591284,458
"-32",5,328494.50980753126,321
"-32",29,306312.87215837796,229
"-32",-2,371010.520846231,376
"-32",-21,302687.9413372894,260
"-32",-12,271477.80431152537,267
"-32",31,355808.7518669059,351
"-32",11,409512.00568706373,410
"-32",6,332550.53329001844,322
"-32",2,374551.80458910466,388
"-32",34,266886.1608590644,266
"-32",-10,382843.9511058102,399
"-32",19,406057.63417628343,384
"-32",-11,345619.99577692884,362
"-32",24,312735.23829569557,297
"-32",-20,257978.77098551003,208
"-32",30,336250.14090489986,305
"-32",10,403644.97991695727,393
"-32",-35,273028.4157076897,251
"-32",-28,299407.4604173755,257
"-32",-15,201013.30483659587,184
"-32",38,247095.16260162136,226
"-32",-30,378972.9813798436,397
"-32",-24,362962.20226573833,362
"-32",-3,391417.20512808993,409
"-32",-4,422480.5866414979,453
"-32",13,440494.97724172793,452
"-32",16,423610.5287961302,416
"-32",4,341525.2100562531,347
"-32",-32,366369.6767819418,373
"-32",28,306360.560179681,240
"-32",8,381241.8234087077,386
"-32",-27,327850.24315802974,306
"-32",-16,206682.6713056834,196
"-32",-1,353418.87720188656,362
"-32",-36,245794.84171980902,220
"-32",-23,356352.59573799,355
"-32",3,350017.3726774771,367
"-32",-34,306885.7017829329,283
"-32",23,328006.09962804615,327
"-32",-19,263183.8279536671,236
"-32",-29,326237.87503820687,306
"-32",1,371631.18941516924,377
"-32",0,375441.2041813597,390
"-32",-26,335051.1317207544,310
"-31",-29,376376.43402657664,371
"-31",7,342713.0725301428,324
"-31",17,418858.31888211943,403
"-31",-14,194319.71592603443,164
"-31",1,412433.89859288663,451
"-31",34,292546.43644811003,292
"-31",37,251968.4753323344,231
"-31",-22,333181.9255510109,330
"-31",-24,376935.52279516816,391
"-31",-1,494879.38486605394,589
"-31",5,347894.5723573095,343
"-31",-39,243483.41468154854,217
"-31",-3,460871.5561223736,508
"-31",33,328289.0606145174,345
"-31",-33,279402.0302617959,251
"-31",15,418004.42821232363,416
"-31",22,399104.34436357475,426
"-31",21,437877.0540463964,472
"-31",29,309936.98135388107,227
"-31",27,320185.2844393431,265
"-31",16,413647.4047602146,396
"-31",-37,262828.07655729895,234
"-31",6,348150.9972523642,333
"-31",32,356583.1786576187,355
"-31",-18,247170.12496671238,231
"-31",-21,283340.0479064792,248
"-31",18,427726.8104897208,420
"-31",-23,367970.1269561347,385
"-31",-31,368619.9600660571,378
"-31",-36,262941.033002749,232
"-31",-11,315839.162427896,310
"-31",-15,198458.391188783,169
"-31",28,313996.43631128315,238
"-31",0,466999.64447223477,544
"-31",23,356086.52265049,373
"-31",-25,358304.0341209948,356
"-31",11,445272.6994015216,479
"-31",24,337671.85104747507,341
"-31",-7,447896.0946170724,459
"-31",14,435208.7553700823,451
"-31",20,449292.7816076416,482
"-31",13,446147.63938443654,472
"-31",-17,219924.12372450603,201
"-31",-34,262434.79701067397,234
"-31",25,342690.1784769052,334
"-31",-35,251481.92095776604,219
"-31",39,233630.06912105883,222
"-31",-9,364324.564172958,351
"-31",8,365821.5253036863,357
"-31",-10,343014.05623871664,344
"-31",-28,348917.6666154076,325
"-31",12,447314.6352026895,482
"-31",-20,252117.76091257372,203
"-31",38,230198.07395259346,208
"-31",36,263281.5409725669,248
"-31",-19,247876.0730705395,225
"-31",-16,207409.75089193028,180
"-31",-4,464034.9057894659,509
"-31",-26,340615.9540905178,322
"-31",9,386967.4984597752,384
"-31",4,349671.54107802024,341
"-31",-32,324956.49665612896,322
"-31",-38,234048.7510946065,201
"-31",-2,462026.1045356488,530
"-31",2,400033.6486691754,434
"-31",19,435873.4774913282,436
"-31",-30,377100.9196032746,399
"-31",-27,343136.3901210239,317
"-31",31,364941.2001505041,349
"-31",30,364361.2902868892,337
"-31",-8,392697.763638733,382
"-31",3,367572.5653809126,386
"-31",-12,279289.83368220384,281
"-31",-5,477293.0058722525,513
"-31",26,329381.37205016316,298
"-31",35,266969.63696803706,245
"-31",-6,459399.26559933706,481
"-31",-13,199621.76923747308,159
"-31",10,437519.0373722692,461
"-30",14,451241.71294565365,470
"-30",1,345726.03960814705,374
"-30",-40,287772.56983411266,268
"-30",-16,215894.8429390587,180
"-30",-17,215801.19211220372,175
"-30",35,265859.2889098541,258
"-30",5,375298.9457444353,389
"-30",27,336057.09701191715,293
"-30",-19,250734.9016378672,213
"-30",18,472562.67093483394,491
"-30",31,358667.805232191,348
"-30",29,373834.12661737925,327
"-30",22,397630.93519549374,413
"-30",3,367165.44020531786,396
"-30",16,511880.54474473366,551
"-30",9,444637.3067279214,487
"-30",-22,365929.27168058883,384
"-30",25,354639.11367818643,341
"-30",-32,273050.34779583424,238
"-30",-39,252012.83347686927,208
"-30",-26,329734.7167788678,304
"-30",33,334762.107907671,346
"-30",-2,465104.57417718275,519
"-30",6,369088.7988817546,374
"-30",-20,308552.705183936,297
"-30",-34,247588.92167178696,226
"-30",23,367848.55058880383,369
"-30",-31,322184.0879508939,315
"-30",11,431847.6073599266,458
"-30",-27,359748.77006905514,334
"-30",4,361605.437709312,367
"-30",34,312287.8410239006,318
"-30",21,449279.69271139905,483
"-30",10,433495.1729773285,477
"-30",-8,383764.7823284616,384
"-30",-14,201330.1073961545,171
"-30",0,365801.50040199765,392
"-30",-10,303890.38879987755,279
"-30",15,486313.6011415928,518
"-30",-15,201746.70338906668,166
"-30",26,359499.441636405,343
"-30",-35,259580.44962326615,232
"-30",-36,253171.37547189379,221
"-30",-7,426325.5613350962,436
"-30",39,203851.09511599163,155
"-30",2,368820.01288376015,408
"-30",40,180919.75797189225,124
"-30",24,359163.21456748125,353
"-30",19,462446.7929423,486
"-30",12,445998.7105858799,482
"-30",30,373682.8318510086,355
"-30",36,265595.95448282885,264
"-30",-11,269152.6855233038,240
"-30",20,467694.9985268653,506
"-30",-5,460359.29637932155,483
"-30",-33,269198.5135886836,240
"-30",-24,390950.37147929845,410
"-30",-1,402176.4923829831,440
"-30",-25,351866.3200604382,340
"-30",-4,461587.0099078107,491
"-30",-13,256090.33551033773,243
"-30",-9,326897.1112568379,297
"-30",28,353668.7041607268,306
"-30",-37,240443.19306381518,201
"-30",-29,386213.37346014543,398
"-30",-38,246464.54827011336,184
"-30",-28,362879.4832613592,344
"-30",37,245501.20765859718,223
"-30",-21,317813.2673910911,307
"-30",-12,253301.7154161389,228
"-30",-30,352111.0368451665,368
"-30",7,350942.1837241038,346
"-30",-3,480866.0565371945,539
"-30",17,528966.9537057913,574
"-30",-6,472509.7445785639,499
"-30",-23,403519.15310359746,435
"-30",38,212564.87208166427,167
"-30",32,355382.7328967431,363
"-30",-18,233983.97672801564,203
"-30",13,459380.9934970046,492
"-30",8,369301.6247758333,369
"-29",12,440790.66031998926,470
"-29",-37,226177.1644864758,172
"-29",-11,251420.9887176151,209
"-29",13,453523.7465025326,476
"-29",17,554889.7983120199,611
"-29",-20,303749.67310055305,303
"-29",-19,272087.3360318543,262
"-29",-3,447646.01257734554,478
"-29",18,534162.0971179375,590
"-29",23,382735.70209215645,385
"-29",11,433595.7763407994,463
"-29",21,454907.24935255863,492
"-29",-2,414326.7923232754,435
"-29",-8,396754.93628011,379
"-29",-24,381232.5772280464,387
"-29",-40,264593.04421798437,232
"-29",-9,345958.6314483026,317
"-29",20,474796.0648249845,517
"-29",-36,239209.93624082874,205
"-29",6,395420.5249454446,410
"-29",0,362017.4991837028,368
"-29",-12,242982.2005325041,205
"-29",-34,260089.1585627553,244
"-29",-27,333657.0285100533,299
"-29",7,402759.3799347991,419
"-29",-29,336123.2204973583,337
"-29",-10,288874.42604335205,249
"-29",32,320232.3749716137,308
"-29",27,371966.58244909137,356
"-29",2,383025.648798306,422
"-29",-25,327536.1954759246,297
"-29",33,315955.93078738346,311
"-29",-33,273074.40976622095,244
"-29",22,408310.27058589837,418
"-29",-26,333376.0677781805,293
"-29",36,286344.3902396503,272
"-29",37,263552.33370460034,236
"-29",39,189864.06935008222,133
"-29",28,379881.32635316387,370
"-29",40,184150.9711679846,123
"-29",-14,258272.88683468528,242
"-29",30,355506.30808654753,336
"-29",-38,225753.7398673594,159
"-29",29,363631.09535949456,340
"-29",-15,235393.4912818272,203
"-29",-22,354553.93385349866,358
"-29",14,480600.3833056405,513
"-29",24,368673.6244055697,355
"-29",-30,342346.35378894367,355
"-29",5,404906.6601972861,435
"-29",-35,257404.09096328812,238
"-29",-1,378745.0425015995,392
"-29",9,436929.6929358361,478
"-29",26,357798.6792279954,328
"-29",15,517324.1317785608,558
"-29",-31,300804.0419382663,279
"-29",-13,241615.56014738383,222
"-29",10,442545.39610003476,494
"-29",4,385076.34924670483,411
"-29",38,213328.26601814496,163
"-29",-39,241630.45237306293,191
"-29",-16,225321.21475890852,177
"-29",-21,328854.3164982357,333
"-29",-18,239886.0597856775,222
"-29",-32,284688.72714933957,248
"-29",31,347562.27933439333,332
"-29",-4,483822.44013116107,515
"-29",1,356055.75411258824,375
"-29",3,394883.1751413427,440
"-29",-5,486965.1516179982,498
"-29",16,557504.5282546371,615
"-29",-6,452578.02280046715,446
"-29",-7,416341.63828510756,399
"-29",-17,223916.67998234948,185
"-29",8,425466.3385509864,458
"-29",-28,364916.6841529128,368
"-29",-23,396986.32500078593,415
"-29",25,391249.26701992034,374
"-29",34,280104.22148855217,264
"-29",19,506376.7984100692,561
"-29",35,288155.43709628587,271
"-28",-7,411235.9533900381,388
"-28",-4,461055.12128269696,465
"-28",-12,239421.05540099568,203
"-28",-6,468924.504280792,461
"-28",29,365656.1503653586,372
"-28",-30,313749.19495546183,317
"-28",22,391601.98549384373,393
"-28",13,486106.9189945304,512
"-28",-33,284690.3753115438,270
"-28",40,199859.6421539749,141
"-28",-41,306097.5285288266,289
"-28",41,219941.43590958658,172
"-28",-25,317223.8912284819,296
"-28",30,360986.7100095656,360
"-28",-40,271393.87622736744,235
"-28",-16,258661.60477220212,249
"-28",-29,322280.5110268588,316
"-28",5,450833.5847432969,508
"-28",34,311791.6665286027,304
"-28",15,513665.8060377417,537
"-28",-38,243853.20854297487,189
"-28",0,358542.22433261905,340
"-28",35,289579.41982966196,284
"-28",19,545522.4694809811,629
"-28",7,419787.78563848586,444
"-28",-26,305509.37910808047,276
"-28",28,361495.96245723247,365
"-28",32,347452.43369646056,340
"-28",21,462068.51967103675,507
"-28",4,435472.32589574147,484
"-28",24,405935.01094074623,394
"-28",8,414740.3196065182,436
"-28",11,399603.2558327399,405
"-28",-15,267527.3451402415,255
"-28",17,580848.2391225994,654
"-28",-31,325483.0640525221,293
"-28",-37,233110.88543153374,188
"-28",9,406076.2523410777,416
"-28",37,263975.17787731346,256
"-28",-36,231104.92366132024,193
"-28",-24,329389.57105749176,311
"-28",-9,336527.63362824655,293
"-28",2,388822.161129941,398
"-28",10,375790.00757665175,380
"-28",-1,375335.5741166459,373
"-28",14,497826.38879326714,529
"-28",-20,294361.6928812135,297
"-28",-27,314620.35105035733,280
"-28",-32,285605.4961656215,260
"-28",1,367509.02412739105,363
"-28",-5,505239.308705425,522
"-28",39,202786.71135223476,142
"-28",23,386231.88442283345,374
"-28",26,391015.81473342323,385
"-28",-3,431800.84511886816,442
"-28",-22,318191.2136894195,314
"-28",-10,291967.9685551979,252
"-28",12,436027.9650918858,442
"-28",-28,341682.15133479453,320
"-28",-39,250301.90090058427,208
"-28",6,457635.98587697826,504
"-28",36,301171.8544917236,309
"-28",-8,384465.2648981208,350
"-28",-21,290263.51649742544,280
"-28",16,549131.4741093386,598
"-28",38,220352.0129255253,175
"-28",-14,242858.9851975388,217
"-28",-18,284269.6098914824,292
"-28",18,585814.5455274658,669
"-28",-35,227640.56731983152,197
"-28",-19,281540.63494793064,284
"-28",33,329814.36695980624,303
"-28",-13,231965.46767148733,201
"-28",-34,249342.34798176296,229
"-28",-2,397478.32348346483,391
"-28",-17,256992.12534007095,238
"-28",31,356503.89184898685,356
"-28",3,398063.13504656946,414
"-28",-23,339430.55257377034,333
"-28",-11,254366.5135897105,213
"-28",25,394144.42048702843,381
"-28",27,401082.5695645037,424
"-28",20,491192.5972276671,551
"-27",-32,349938.36835362186,354
"-27",15,509776.8077555879,521
"-27",-16,254804.34576461045,253
"-27",4,396712.17461155145,416
"-27",-39,289584.58013289544,268
"-27",33,339105.3379849302,328
"-27",-33,328960.78947584063,339
"-27",25,363185.7512560354,335
"-27",-31,382448.0153285772,413
"-27",-4,424021.3254984085,416
"-27",5,434942.31884625234,483
"-27",-40,309491.8389093207,295
"-27",-25,331542.97762544017,319
"-27",23,388843.37336935126,371
"-27",37,247690.50189319914,223
"-27",-21,267849.880975846,244
"-27",0,349718.7781150751,329
"-27",11,403690.12664910225,384
"-27",-13,211832.9046672539,187
"-27",-8,400625.7486346205,367
"-27",9,379181.72769985744,374
"-27",22,410095.096043041,410
"-27",8,395833.7006614793,401
"-27",-9,335377.57979996264,292
"-27",-38,299447.6020397708,280
"-27",7,403729.64972784405,418
"-27",35,295326.5165400873,293
"-27",32,388189.422538852,407
"-27",31,397255.92191627686,430
"-27",34,309914.19280613377,305
"-27",21,456730.89576388244,487
"-27",36,277986.37142653565,275
"-27",-15,226303.48620421576,206
"-27",6,430142.9868260301,476
"-27",14,488001.9875235577,501
"-27",12,436231.6205402976,428
"-27",-6,482962.0811484302,475
"-27",17,534298.8081335585,576
"-27",28,377667.23233890237,403
"-27",13,471024.97805404646,476
"-27",10,386266.1902084095,379
"-27",-14,209235.48932673578,188
"-27",-42,364374.7938881408,346
"-27",38,251885.15555244926,207
"-27",-35,306748.21184169693,302
"-27",-10,290306.4744606992,260
"-27",-20,300125.2736572796,296
"-27",39,217820.77128352688,155
"-27",-19,318335.4656891604,333
"-27",-17,274859.3040047112,275
"-27",-36,299402.8470765551,293
"-27",3,358192.0545402019,351
"-27",-26,322848.22960377473,300
"-27",1,347160.54658303485,328
"-27",16,528484.1576868065,559
"-27",-3,388052.21416949667,360
"-27",-41,320554.5414927423,297
"-27",19,550141.3469344792,640
"-27",24,393799.75114429096,377
"-27",30,395200.65383072756,422
"-27",-5,464572.47550624376,463
"-27",-12,250533.7643737268,240
"-27",-28,359326.71678799915,355
"-27",-23,308981.0869522993,281
"-27",-11,266850.93628502806,247
"-27",-2,364626.004308512,339
"-27",40,212907.70047251167,150
"-27",20,483995.5621457573,536
"-27",-24,338237.99043582706,317
"-27",26,371871.2351076758,365
"-27",-29,368031.6463061558,371
"-27",-18,313223.79976262775,325
"-27",-1,363016.4626872884,348
"-27",27,376738.78842535825,388
"-27",-37,291603.30401797267,276
"-27",-7,465095.98091419303,463
"-27",18,556572.9855484662,640
"-27",42,290110.7607419374,291
"-27",41,249867.0431030608,221
"-27",-27,349914.30582936754,337
"-27",-22,285007.55762949894,260
"-27",-30,410486.3825653286,456
"-27",29,391813.5319048374,418
"-27",2,333752.1857458744,314
"-27",-34,329304.46329109283,345
"-26",-5,449015.5135317715,429
"-26",27,346933.2532688836,340
"-26",-13,234182.02557033047,206
"-26",-39,328908.70026677684,332
"-26",42,275501.96102457104,285
"-26",24,365482.77011214866,331
"-26",37,254125.15445603043,212
"-26",26,354897.05712196673,346
"-26",16,497907.3009777961,507
"-26",31,401690.05452695204,444
"-26",-32,381241.27059448935,416
"-26",-16,259480.8668935604,254
"-26",-34,325212.4786366984,331
"-26",10,410638.6956066032,392
"-26",-24,320370.59769909875,288
"-26",-31,409114.7193597165,459
"-26",-40,331511.29335336055,333
"-26",17,506548.5472920833,527
"-26",1,343485.2525218937,326
"-26",-10,350288.34566554724,355
"-26",-7,452859.53471938864,452
"-26",-12,286088.2797116736,284
"-26",22,451882.3237795561,473
"-26",7,425873.7700393943,465
"-26",39,247126.07903583368,195
"-26",32,369507.8853082509,388
"-26",-19,324093.6578607893,344
"-26",-37,268901.95702406357,243
"-26",-20,295371.09711216216,283
"-26",36,283632.9729703649,261
"-26",-41,334805.35624533915,318
"-26",33,352627.2567168854,361
"-26",-27,368763.58841927664,370
"-26",-42,392206.60263731435,378
"-26",-6,455967.25698680093,438
"-26",-15,221178.2482505614,187
"-26",6,384277.6749116052,400
"-26",30,386153.2790885956,420
"-26",-26,336113.24985290493,323
"-26",-25,336939.96778555,327
"-26",12,465312.55163102614,462
"-26",0,363442.45007690875,351
"-26",21,420792.3416321909,420
"-26",15,521366.0342959473,544
"-26",41,252013.18504855974,234
"-26",40,233835.9846345794,181
"-26",35,304382.699975495,294
"-26",3,364312.20476828795,360
"-26",4,380814.731585559,366
"-26",-38,300781.87923241145,280
"-26",14,508030.458087914,525
"-26",-1,380440.83086515125,379
"-26",25,386592.71252073464,374
"-26",-29,351929.67445179535,349
"-26",8,406752.1716935965,427
"-26",-22,276832.77121091133,236
"-26",20,502398.4526288111,558
"-26",19,547582.724631755,635
"-26",-3,392567.59425587987,367
"-26",-11,321569.7129133548,333
"-26",38,252730.19153513788,199
"-26",13,488206.8501064848,508
"-26",23,411089.43167742423,400
"-26",28,352122.5572217494,359
"-26",18,536555.0033447663,619
"-26",-2,388612.0712421434,380
"-26",-14,218618.79250304418,180
"-26",9,398887.6425118988,400
"-26",-36,270188.30068626854,246
"-26",-18,322428.555065734,343
"-26",-8,424941.4049788702,415
"-26",-33,339094.08569192886,359
"-26",11,418840.3851547673,392
"-26",-35,293168.1306973359,273
"-26",-21,270920.41128358006,237
"-26",2,333819.86729487765,315
"-26",29,365306.69129136537,389
"-26",-23,312073.5474911509,276
"-26",5,381518.2999811709,391
"-26",-4,419176.50813759654,394
"-26",-9,369946.532274381,359
"-26",-28,352543.39920126164,342
"-26",34,327642.8424474535,320
"-26",-17,291985.0669156292,300
"-26",-30,410905.3472608071,458
"-25",-36,285877.3755135982,263
"-25",36,279102.324673516,256
"-25",0,381933.7729606986,384
"-25",15,497728.5502228947,511
"-25",-37,300787.31795134733,288
"-25",22,490393.9541106233,536
"-25",-31,388992.6950228163,421
"-25",-10,336098.5407296196,341
"-25",8,429500.3529937244,462
"-25",-3,430160.58731825615,431
"-25",-41,364791.14864460827,356
"-25",27,315591.1303654607,301
"-25",12,452992.7587837574,441
"-25",40,230854.46559013557,205
"-25",-1,418556.76249689126,446
"-25",24,374728.6278182539,360
"-25",18,523883.55274833855,576
"-25",1,382385.08202471497,391
"-25",-33,361267.0687644422,396
"-25",-34,310878.9578137185,308
"-25",35,291281.9741601868,273
"-25",25,336047.27753061237,305
"-25",-19,292674.64541354735,298
"-25",23,474863.14556873986,517
"-25",20,498401.29211982264,559
"-25",-8,421494.7706549488,435
"-25",11,414410.98462252953,389
"-25",10,427134.6493413413,422
"-25",-15,214972.09223118235,175
"-25",-17,260769.2569393955,258
"-25",33,336920.25878575945,342
"-25",-21,256567.76966191633,219
"-25",-6,469751.8113966987,474
"-25",2,364403.6559889056,359
"-25",-12,254307.5781967678,224
"-25",-24,310934.04765281535,285
"-25",-32,387588.774007371,417
"-25",32,336068.79275577556,347
"-25",-13,239024.6997726009,206
"-25",28,302814.49624158174,270
"-25",31,349423.5885097968,372
"-25",-40,343220.4883596364,348
"-25",-38,314581.92183040676,317
"-25",-22,277607.50816976395,245
"-25",-14,234594.09286752058,198
"-25",-29,341956.67046877067,328
"-25",-39,322700.50430381816,328
"-25",-43,392115.66529519454,387
"-25",6,394554.0038130669,409
"-25",39,241622.69807941472,201
"-25",16,497039.6369359685,505
"-25",41,245632.81150812155,242
"-25",-7,456812.4828641848,468
"-25",37,244719.21762816203,201
"-25",-9,378909.6296078352,383
"-25",38,236423.00120506302,185
"-25",-20,285891.1135896228,293
"-25",34,319368.1832731905,310
"-25",-16,226667.28433522477,212
"-25",4,367972.4911340118,358
"-25",-2,438492.78724553826,462
"-25",-42,385753.70867548545,379
"-25",-35,290356.88466917234,274
"-25",5,394860.00374431774,406
"-25",21,471210.6996301834,508
"-25",9,408746.07999747526,409
"-25",-27,343617.40542122844,346
"-25",30,336720.24710552767,343
"-25",-25,303719.3993840767,287
"-25",19,562969.9521900883,659
"-25",-4,436234.48129120364,424
"-25",-26,323620.6717696182,315
"-25",-23,303627.65482499567,273
"-25",29,302461.2511611872,282
"-25",-5,470957.6188328718,461
"-25",-30,377269.35394016653,408
"-25",-11,312193.7590784344,307
"-25",7,416649.8893709573,440
"-25",14,518650.81327954656,549
"-25",-18,289884.4408580737,301
"-25",17,506287.71305194194,531
"-25",43,291022.4260790125,334
"-25",26,343775.89596862276,331
"-25",13,504562.3415769671,521
"-25",-28,322692.01624578726,311
"-25",3,360713.4778023197,363
"-25",42,273572.4795219737,298
"-24",-24,270647.9917682506,241
"-24",-28,303907.3814212306,291
"-24",-13,239927.07609393483,192
"-24",-12,233162.33357545562,195
"-24",-2,484376.95812448184,539
"-24",-17,252184.13272887198,235
"-24",-37,331060.25601106917,330
"-24",-43,388807.8111838355,390
"-24",-5,473658.0369658106,468
"-24",-33,373289.1168077881,394
"-24",40,248930.6752013735,252
"-24",26,313651.9880447225,284
"-24",7,412202.7214063625,416
"-24",-30,347934.8154540001,354
"-24",-10,287562.8481855419,267
"-24",-29,334455.6842139615,322
"-24",14,506706.2083032166,532
"-24",1,405702.0633054344,440
"-24",25,340510.1399526824,319
"-24",19,534759.4124565752,597
"-24",-8,418525.9168102988,426
"-24",9,436276.3000277202,462
"-24",28,275629.9802249497,236
"-24",-38,330589.66459120816,329
"-24",11,466504.2458900703,492
"-24",33,327234.79742538324,334
"-24",22,471509.36087451695,507
"-24",-19,267033.71319201525,249
"-24",34,313683.5230565731,301
"-24",41,256380.0286385725,259
"-24",21,478148.8196088208,524
"-24",16,519314.7519476931,533
"-24",37,233647.93489722963,201
"-24",-31,365059.06201991864,381
"-24",-39,354345.6445950156,361
"-24",24,370898.43671195867,357
"-24",-27,319690.3477249952,326
"-24",-22,272622.9786663169,249
"-24",-21,258143.79879910956,237
"-24",29,285232.50860210694,252
"-24",-7,442488.7656273955,448
"-24",-20,268110.49514568015,258
"-24",31,343181.7866527587,367
"-24",-11,262441.8436734842,239
"-24",-1,459146.08366113354,513
"-24",10,428997.938734423,453
"-24",-4,480535.80766622274,502
"-24",-40,356414.58244261995,353
"-24",27,277961.19862855936,240
"-24",-3,488530.4388842904,528
"-24",4,414258.54271207465,434
"-24",6,381739.3794953683,372
"-24",-26,293222.5789039711,285
"-24",15,496941.5114896869,519
"-24",-23,303271.4105324406,297
"-24",18,526738.8179629671,575
"-24",-15,226578.57305613896,194
"-24",-9,353335.0483548679,341
"-24",23,427377.5553000023,448
"-24",38,220085.27744851986,189
"-24",-32,383048.08640835184,412
"-24",36,262556.24717002176,244
"-24",20,503662.43941543513,560
"-24",32,339618.1238560042,358
"-24",0,427159.455283765,467
"-24",42,280463.5767583699,299
"-24",-42,383389.2655100474,379
"-24",30,334363.391816748,341
"-24",8,428331.25706295785,452
"-24",35,280316.18727607065,262
"-24",-16,232203.64661854992,214
"-24",-34,367185.6881190685,386
"-24",3,415002.8485117068,439
"-24",12,504204.9003081019,529
"-24",-35,351642.60877007106,362
"-24",13,513949.15580064314,538
"-24",-18,269606.5059055307,248
"-24",-41,398360.67513734073,408
"-24",43,312958.5214546214,353
"-24",-6,472547.11253543355,481
"-24",39,226470.19890502526,205
"-24",2,380412.5806852924,388
"-24",5,406425.4235031666,421
"-24",-36,335209.6327611324,330
"-24",17,544433.2111601005,586
"-24",-25,261589.2789030126,239
"-24",-14,234145.1145258291,201
"-23",-10,273825.11018933513,242
"-23",12,517129.30683550646,571
"-23",-34,429997.57184979337,487
"-23",33,350678.16963861,375
"-23",-7,437439.7165260254,446
"-23",27,284139.8356560392,235
"-23",-36,385179.61116448,399
"-23",-15,260761.4452888379,232
"-23",-42,421657.2088189363,439
"-23",-41,418846.3016008217,437
"-23",3,407420.14712522324,431
"-23",20,508196.57383370533,563
"-23",32,365059.1976930324,395
"-23",-40,374550.1114776178,383
"-23",-43,415091.92728752043,434
"-23",-22,244338.3110939471,217
"-23",31,367979.79071636597,408
"-23",44,312459.9202764433,326
"-23",-14,249781.81299779023,210
"-23",4,397747.753390664,405
"-23",22,438471.8381223964,461
"-23",37,235644.9302665707,184
"-23",-11,224492.08819010342,175
"-23",28,268319.1317182862,216
"-23",35,275360.19393435,254
"-23",39,213337.5340861383,181
"-23",-9,294116.3427145492,261
"-23",-2,512752.7353627221,588
"-23",13,558405.5253140088,605
"-23",-23,235726.39388180617,211
"-23",-44,359377.8100537621,341
"-23",38,215612.15863732147,172
"-23",-26,249543.77439822842,218
"-23",9,426056.6599443878,446
"-23",0,469820.7400566832,529
"-23",21,466720.52278622484,512
"-23",-28,274958.62722139526,251
"-23",-30,309501.2089456975,282
"-23",26,300783.8847274227,259
"-23",-24,262469.8100162126,228
"-23",-33,370451.38265609887,390
"-23",42,298615.9314018112,318
"-23",36,253149.7529995482,221
"-23",8,423548.6736110704,449
"-23",-17,277964.0147130229,259
"-23",-19,289167.3373165684,275
"-23",14,555649.3103505162,604
"-23",34,305198.0996198851,297
"-23",19,518541.34569089214,562
"-23",40,270564.1728918642,278
"-23",-21,275776.7536543119,276
"-23",16,544301.1990101576,581
"-23",-16,270281.7045763691,248
"-23",-37,365566.3782064748,368
"-23",-1,512428.4997145044,604
"-23",6,408540.93692227214,406
"-23",43,328002.27104585746,358
"-23",-27,273785.10211549,257
"-23",15,539484.6043508949,579
"-23",-8,381317.8947903002,378
"-23",-20,288476.1702697326,295
"-23",-13,237793.6825316905,177
"-23",1,447066.051488726,500
"-23",2,421390.16229369945,455
"-23",11,490199.0746199247,538
"-23",-35,425646.0901956485,471
"-23",-6,480081.0142539007,498
"-23",41,293887.0762234361,315
"-23",29,278465.8207697749,248
"-23",-3,510506.04700366675,563
"-23",-5,474692.1528070078,480
"-23",24,409465.77389420214,413
"-23",-12,221308.04171474013,157
"-23",30,340733.7622568624,350
"-23",-31,335374.3783191639,314
"-23",23,415042.47282600653,422
"-23",7,415506.827816524,426
"-23",-18,288338.8883587045,265
"-23",10,472734.6167148223,521
"-23",5,398031.22307143395,403
"-23",18,528265.594489117,566
"-23",-38,362853.01699493587,368
"-23",-25,260242.21344886452,222
"-23",17,560318.3555463266,592
"-23",25,350356.8804722183,329
"-23",-4,492287.64898216043,515
"-23",-39,377596.91518535215,382
"-23",-32,344673.42458461225,345
"-23",-29,310524.0814963036,285
"-22",-5,463814.74037806515,469
"-22",12,517017.0324689353,580
"-22",41,258985.33196822368,269
"-22",14,554873.581895132,599
"-22",20,458869.2630186565,483
"-22",13,544578.2921959157,603
"-22",21,422740.49970926676,445
"-22",-3,481876.7109199124,508
"-22",16,563842.7697684984,613
"-22",-23,244089.8316720197,226
"-22",-41,423539.7211900546,437
"-22",17,584957.8428859134,628
"-22",-31,300768.0644819193,249
"-22",-32,324013.5714689336,300
"-22",-19,363965.3090015227,386
"-22",37,218401.8159829208,151
"-22",-38,360501.93956920103,355
"-22",5,393327.7929893033,393
"-22",18,542923.2079190713,559
"-22",-14,265456.31513209105,224
"-22",-28,280921.7922731032,258
"-22",15,562426.3160990702,608
"-22",-39,372133.6085472395,358
"-22",-22,251464.66542003353,234
"-22",-43,408294.35219029174,429
"-22",27,301383.32647553895,247
"-22",-24,238707.48577892443,207
"-22",-9,298523.0478937114,260
"-22",3,402980.7636759216,426
"-22",11,464760.0701537454,507
"-22",-35,394962.7304931041,414
"-22",-40,390542.09123730555,383
"-22",25,351826.3745090839,330
"-22",19,499763.33597749926,515
"-22",33,301085.34543431184,300
"-22",36,226237.74967694888,175
"-22",-44,324990.4340127828,283
"-22",-10,251880.1614285158,185
"-22",44,308120.12243702693,320
"-22",10,411974.71897239116,431
"-22",-27,267924.28451947536,233
"-22",0,516660.9132135062,601
"-22",32,351587.5247551798,378
"-22",23,435642.4366587793,460
"-22",-11,220412.39956501717,137
"-22",-2,491479.9075127669,548
"-22",42,283079.4547814673,309
"-22",-12,222627.99721907786,149
"-22",-7,431425.6888994995,438
"-22",35,254442.74703353553,229
"-22",28,302106.2102168765,251
"-22",-36,392460.0843133138,414
"-22",22,402339.59601755766,409
"-22",-42,465449.2092355571,508
"-22",34,269377.9503525951,253
"-22",2,430076.6689966819,472
"-22",29,314898.08789592405,287
"-22",6,384045.2545611711,382
"-22",24,410674.1149737108,415
"-22",-4,462098.9538449705,475
"-22",-26,252640.10603660662,214
"-22",39,219813.75775371492,191
"-22",-13,250714.38750645675,191
"-22",-6,461871.8118765113,463
"-22",26,313276.8319489237,273
"-22",-18,330117.64765082666,340
"-22",-25,250293.68663109557,211
"-22",-30,287035.9713110519,234
"-22",40,242129.2405653963,235
"-22",-8,359287.0175017585,350
"-22",7,421763.4961914273,443
"-22",31,362510.0233671375,389
"-22",-21,282103.2237132282,284
"-22",-1,557990.580069164,664
"-22",30,343471.1319342224,355
"-22",9,418430.7408133455,442
"-22",-16,297161.8220750046,290
"-22",8,436229.74503286474,477
"-22",-29,283912.02968326706,253
"-22",43,284810.98499943205,299
"-22",-17,324036.95888109866,324
"-22",4,395121.83570643846,398
"-22",1,471202.1426778718,533
"-22",-15,281166.1437147673,259
"-22",38,215686.51904609197,161
"-22",-34,360912.2966521182,373
"-22",-20,334381.2621595779,359
"-22",-33,354763.2286292829,363
"-22",-37,379110.95447617886,391
"-21",37,226662.59028987013,171
"-21",3,398429.48044014245,423
"-21",-41,449978.3791813912,473
"-21",45,301037.5516125136,300
"-21",-36,360494.71767855226,370
"-21",-12,230912.41374815666,151
"-21",41,238405.6276679738,243
"-21",-35,337939.5240983959,325
"-21",-10,247532.62766624082,176
"-21",-2,468375.4828966818,500
"-21",-29,271154.64086820895,252
"-21",-3,481833.70829984563,511
"-21",42,241163.48660934184,240
"-21",27,340244.99938196724,302
"-21",-22,267874.6854706083,262
"-21",36,231017.36119368847,193
"-21",-16,303506.08590618137,308
"-21",-44,311981.7998919558,261
"-21",-5,474663.45025075343,486
"-21",12,452102.4773402446,476
"-21",21,448229.01312915684,467
"-21",-24,227558.2415651438,200
"-21",18,552631.748243327,573
"-21",32,351383.0658419207,360
"-21",43,278134.0305010115,276
"-21",-19,375046.4950690808,416
"-21",-31,280330.63535356364,223
"-21",-30,279261.05086797953,237
"-21",-4,463125.7029484748,472
"-21",-21,301779.9453097112,307
"-21",-27,302567.7020997956,291
"-21",8,432588.63259654056,464
"-21",-18,352607.5254880675,383
"-21",39,236471.1922925558,224
"-21",6,379395.2612006209,380
"-21",-37,373999.310618287,385
"-21",-32,332650.3422663268,319
"-21",44,267995.24485502415,250
"-21",34,287845.1155563046,285
"-21",-28,288839.8031523336,268
"-21",-34,312252.96620850026,285
"-21",11,412269.37544924434,420
"-21",0,473312.30470008816,531
"-21",20,469171.0335047449,481
"-21",-6,477673.69050802826,496
"-21",31,381386.87982244324,398
"-21",-17,321548.76379817637,333
"-21",-20,341351.9704798113,369
"-21",25,392848.8252672403,394
"-21",-25,267184.8513745393,251
"-21",13,486653.6515985166,519
"-21",7,421818.91874433367,441
"-21",17,540317.305991219,567
"-21",28,350009.0208131742,317
"-21",-14,248505.66644777148,215
"-21",40,241879.83177577742,243
"-21",15,534691.2712022245,571
"-21",22,425949.1466832815,438
"-21",14,505544.6222568953,541
"-21",-8,348402.8174127182,337
"-21",-40,405291.48662873043,406
"-21",-42,452351.5088383919,481
"-21",1,463400.26224646403,533
"-21",-26,283095.30200963974,276
"-21",-11,238179.49381181537,168
"-21",-23,240961.0537129896,227
"-21",4,391580.18249495653,401
"-21",35,251352.80654728608,229
"-21",-33,326707.73379446636,303
"-21",9,412057.63176975836,427
"-21",29,345617.6550589111,328
"-21",30,376816.0051694942,389
"-21",-13,236575.9251066051,184
"-21",-38,387251.78013513825,403
"-21",24,418870.3600365944,435
"-21",-7,422379.5566626773,429
"-21",33,322028.41277203534,322
"-21",-39,382736.6809236588,379
"-21",10,405907.56709867367,410
"-21",2,425218.1528626682,468
"-21",26,339226.0829616605,317
"-21",-45,284039.27039586543,218
"-21",38,222225.29097947807,183
"-21",19,513434.3526154634,527
"-21",16,537252.159474841,573
"-21",23,412306.01697886054,421
"-21",5,366061.1378871039,373
"-21",-1,482300.8753447207,542
"-21",-15,275388.7158416382,274
"-21",-43,390064.1288089173,396
"-21",-9,282581.54740100744,241
"-20",34,288717.54044507747,273
"-20",-2,459349.48993201973,472
"-20",31,408278.96048240183,431
"-20",-9,290408.6987576544,255
"-20",4,408351.596452297,410
"-20",-19,358352.39522606804,394
"-20",7,404871.7372109871,415
"-20",8,417391.1528556029,431
"-20",37,256883.7763680929,208
"-20",-30,329000.8691584775,319
"-20",26,402059.2248471118,393
"-20",-20,303971.13477248175,328
"-20",0,482837.5214418005,525
"-20",5,382300.09559101635,378
"-20",-29,327522.852918094,311
"-20",-22,249544.08918313746,237
"-20",36,261391.21717862104,229
"-20",-5,476456.6003551773,489
"-20",19,523360.99072005844,547
"-20",-43,395853.8731785429,401
"-20",25,398129.80980518524,390
"-20",43,250474.5844953556,235
"-20",-7,409603.8066681612,415
"-20",10,398455.6889875324,386
"-20",40,247645.81618300706,248
"-20",-34,289133.2351208124,259
"-20",20,512367.67739859654,544
"-20",-37,344440.1031892293,362
"-20",-16,306015.54801701085,318
"-20",30,452736.10941021756,498
"-20",11,396679.09657063487,387
"-20",-17,339910.9756288737,355
"-20",18,531268.417171744,553
"-20",-25,270706.8150985222,267
"-20",-23,242502.67079339805,226
"-20",-44,326072.37561743404,285
"-20",-24,234454.46708591483,221
"-20",16,517512.3783068967,547
"-20",32,360258.78778408066,349
"-20",-26,294698.9992392053,294
"-20",-3,459505.77742541017,463
"-20",21,499262.15597701387,538
"-20",-42,446618.8474834642,474
"-20",-35,304793.78939664154,283
"-20",44,267327.09573866543,247
"-20",-12,241205.7315034822,177
"-20",39,253131.21995511057,241
"-20",-13,221182.40224792992,165
"-20",-18,357320.0719698179,388
"-20",-41,462986.33817774645,493
"-20",23,444598.6211024838,445
"-20",-10,256107.09582315388,197
"-20",-21,269940.019556091,274
"-20",-8,354530.41560746095,353
"-20",-31,298105.7112937942,273
"-20",-36,320575.3625464516,319
"-20",-15,267865.58825143694,260
"-20",33,328257.6401448637,314
"-20",15,513266.9549132202,548
"-20",24,437670.3520510503,443
"-20",6,373447.28192733956,362
"-20",-14,235548.33986660518,197
"-20",-38,368121.6069710559,394
"-20",12,428279.3020032512,432
"-20",-28,314234.4825818028,302
"-20",2,429617.9832029527,456
"-20",-45,275294.33750343276,197
"-20",42,242621.53528845333,239
"-20",-6,460884.9316482369,479
"-20",45,271999.73530208325,260
"-20",27,424452.77256044006,423
"-20",1,455396.76096554147,498
"-20",14,497634.8999383343,530
"-20",41,253472.8098040327,263
"-20",3,403605.473554089,419
"-20",-32,284772.2449809562,265
"-20",-1,475214.81007066194,516
"-20",-39,427308.3658702579,463
"-20",17,531405.6664894667,548
"-20",22,464327.5615338549,483
"-20",29,443505.697978087,454
"-20",-40,451010.1991734675,493
"-20",-11,252931.40269763744,192
"-20",38,263236.9102332403,228
"-20",35,258137.7653898858,225
"-20",-4,461384.65416664974,456
"-20",-27,325288.41282507306,306
"-20",-33,282033.5406738967,254
"-20",13,477038.98270415404,498
"-20",9,414726.9234479591,420
"-20",28,408652.6986623927,400
"-19",-41,425337.10726175143,449
"-19",-14,230038.4021193254,176
"-19",16,515080.4249854639,531
"-19",30,450939.6350546152,475
"-19",8,389313.6090316312,394
"-19",24,491648.43785306095,528
"-19",-44,333291.16396558215,288
"-19",-7,372790.4931256958,375
"-19",-39,395120.62572515145,439
"-19",35,277946.8912642064,248
"-19",36,303857.6444121361,282
"-19",28,418682.98823713255,410
"-19",-33,306621.0861065941,298
"-19",-11,262924.28773290355,203
"-19",-25,282912.71803695813,286
"-19",18,523819.7274338696,546
"-19",11,376796.58012524486,347
"-19",-10,276009.9451777612,232
"-19",-1,459047.89142202353,484
"-19",-31,340568.6425484132,319
"-19",-45,281499.2103706084,211
"-19",3,445372.91763209447,452
"-19",-2,462234.58027807134,483
"-19",41,287086.7355520445,292
"-19",-17,351183.77038856474,378
"-19",-15,295669.7670329098,289
"-19",14,492099.94243803696,515
"-19",19,528028.9278446554,564
"-19",39,297095.2608143234,314
"-19",13,463714.351758189,474
"-19",-5,404947.2411550629,400
"-19",7,390012.3443121855,390
"-19",27,421840.9318337323,415
"-19",29,460967.4153930302,493
"-19",-23,236407.59533242954,212
"-19",42,274194.7738242123,263
"-19",34,285529.80988989375,251
"-19",23,479272.1098223113,509
"-19",17,524054.7649035782,540
"-19",44,267388.6019198272,238
"-19",-30,357352.0810650629,343
"-19",-16,319570.98876392783,338
"-19",45,260457.44081189213,241
"-19",-32,295753.4789749417,267
"-19",-29,381982.9040066476,378
"-19",-19,357431.3890837559,391
"-19",-42,409726.2120203578,421
"-19",-46,243521.52936234514,175
"-19",-8,341248.4733781401,341
"-19",-18,361342.6582561269,399
"-19",6,394478.5894811797,383
"-19",5,418388.377514854,415
"-19",15,529601.0504893971,572
"-19",4,419047.7530407712,416
"-19",26,420621.74709507107,421
"-19",12,422880.4686946391,416
"-19",-12,243241.84269156796,182
"-19",25,442766.62216118065,453
"-19",-36,290536.72450215067,290
"-19",-43,379740.17792501673,367
"-19",-34,299945.0383789489,292
"-19",-37,338860.26940641325,365
"-19",31,402155.7429192431,406
"-19",-9,342495.63773615356,340
"-19",-3,447296.3442844345,457
"-19",-24,250644.92974808227,239
"-19",20,520105.0446978286,570
"-19",-35,275786.4542013274,255
"-19",-27,331603.3576676998,327
"-19",-38,357238.2322970306,392
"-19",-4,431429.8020771702,429
"-19",43,267938.04933198605,246
"-19",22,498799.1999433716,542
"-19",-22,244710.2072885019,219
"-19",0,450879.91477211664,472
"-19",2,460192.9766173131,472
"-19",-13,216823.47456754194,153
"-19",-28,374469.7988761459,372
"-19",-6,402491.1311001712,407
"-19",40,301265.3325331525,322
"-19",1,464849.30896021146,492
"-19",-26,304000.3139522377,300
"-19",32,369293.715326761,361
"-19",38,309169.2797863302,304
"-19",21,517647.7912696783,579
"-19",-21,261081.22965500638,244
"-19",-40,406442.901007394,423
"-19",46,306149.6361415359,305
"-19",10,362569.74519410025,327
"-19",37,300200.77296944446,279
"-19",33,319234.706143081,287
"-19",-20,303636.00361137086,306
"-19",9,369721.5756505396,354
"-18",27,428832.28604158346,421
"-18",6,397736.3200073776,389
"-18",38,346910.5099801402,389
"-18",14,558080.1450913178,611
"-18",-6,405550.8360242391,413
"-18",-25,312860.0154996283,316
"-18",37,340013.0033432943,356
"-18",30,441835.4818330442,450
"-18",-4,458388.5794323781,489
"-18",19,509979.03653949586,544
"-18",-10,301739.65683744696,265
"-18",-31,369767.3681526485,343
"-18",-43,344212.2349413764,313
"-18",16,517256.99161120504,531
"-18",24,491119.4790339647,539
"-18",28,421094.14130053396,426
"-18",-11,283418.71668466023,250
"-18",-16,334438.1401438885,374
"-18",-3,497974.27535152406,544
"-18",-12,255304.46312412838,219
"-18",0,506504.8249399154,556
"-18",36,318697.31370394415,305
"-18",34,314657.16644109174,271
"-18",-30,388990.678936801,382
"-18",40,308481.92803625285,321
"-18",-22,294261.7974878249,285
"-18",43,296212.09117670683,280
"-18",2,455575.0927486903,458
"-18",-37,309174.546747041,320
"-18",-2,506920.1008995956,557
"-18",9,376282.867901764,366
"-18",-15,286482.7477704193,291
"-18",-26,334159.4985614748,333
"-18",-18,371920.08247734315,414
"-18",7,383223.8055186076,369
"-18",41,308684.09039359784,314
"-18",-40,370186.2212685434,393
"-18",23,481678.2094240486,521
"-18",15,536636.705794633,562
"-18",-38,331833.2422928142,346
"-18",11,379219.71439258335,355
"-18",29,452973.8207920072,482
"-18",-14,256006.75858463143,222
"-18",44,325940.88306346576,337
"-18",22,492617.4980907813,540
"-18",20,510414.1549050598,556
"-18",18,506936.85541168525,522
"-18",-19,353277.97142937995,375
"-18",-24,310372.1529738194,311
"-18",-1,510605.8608780817,559
"-18",39,323162.39095054165,350
"-18",-28,402903.4700652757,423
"-18",-41,386184.1982943333,408
"-18",-42,383462.94592792727,396
"-18",-44,315158.37803073763,254
"-18",26,423576.4931566289,430
"-18",-33,292379.38788708707,275
"-18",-8,403504.4007133206,435
"-18",12,462487.1674059183,474
"-18",-36,270160.9963564819,263
"-18",8,396982.52561704896,397
"-18",-13,236643.96259419914,200
"-18",-17,350175.18199738796,389
"-18",-21,283129.3639734103,267
"-18",10,366631.1377549753,341
"-18",32,375641.79767134204,353
"-18",17,522194.3705956139,531
"-18",-39,369163.18653597037,402
"-18",-23,294289.4612097848,290
"-18",5,418550.06079527,419
"-18",-5,425677.8929156046,443
"-18",-29,412300.63999588793,428
"-18",-27,367651.9893046038,369
"-18",-9,341113.7900165444,336
"-18",3,426799.82146904257,427
"-18",-7,389872.80955182586,395
"-18",-20,297888.7776020106,288
"-18",-35,253978.14740181263,233
"-18",35,317446.9523429056,291
"-18",4,413787.6744420385,419
"-18",-32,319806.10737823055,284
"-18",-45,308483.64648235415,266
"-18",45,293431.0722169478,288
"-18",13,512891.072189974,551
"-18",1,476112.54405391973,502
"-18",25,457078.7386678801,483
"-18",-34,256119.8851293122,227
"-18",21,505059.7404965597,565
"-18",-46,270406.2351599294,210
"-18",33,333791.0578198812,298
"-18",31,431693.3992732791,436
"-18",42,293295.5407656602,278
"-18",46,341538.71477431955,355
"-17",-31,351677.436769989,327
"-17",-17,293317.7943912683,319
"-17",11,483032.24301729753,496
"-17",-26,363152.6263407225,346
"-17",35,307751.8482876868,289
"-17",42,312465.7940695063,296
"-17",-39,345291.5246445073,362
"-17",-18,286535.94666785817,308
"-17",41,318202.37134135317,324
"-17",-6,458803.85598445265,497
"-17",26,436209.14119008987,440
"-17",12,510056.1270087545,543
"-17",15,511632.27496738825,522
"-17",-38,318613.32937502384,333
"-17",31,370623.59957222384,338
"-17",7,406012.143256963,388
"-17",-21,294353.1450710387,271
"-17",37,338715.63592320215,355
"-17",-27,392751.587181245,397
"-17",3,431654.4294368465,420
"-17",14,533265.6693439224,572
"-17",28,454974.09505594865,486
"-17",29,456755.07024752174,476
"-17",33,338138.9186866699,306
"-17",1,468276.0263735567,502
"-17",13,530335.5874418758,574
"-17",-42,395017.8002187259,402
"-17",-19,271201.5814915519,264
"-17",4,415639.99136088067,402
"-17",19,520929.3112221791,558
"-17",44,298646.60655126494,287
"-17",47,318961.98345898825,311
"-17",-33,310519.1536825847,294
"-17",-35,238196.28180899745,229
"-17",18,531649.6213724161,558
"-17",-46,329593.80842586485,311
"-17",-9,367769.85194566875,360
"-17",34,325495.5774084677,306
"-17",-7,451319.51651968283,493
"-17",-5,468092.34386734286,511
"-17",22,496788.97500192124,555
"-17",16,551885.7296430654,570
"-17",-22,305667.28926463734,278
"-17",25,474771.020229275,503
"-17",-13,240025.71535986394,203
"-17",6,422910.1704696179,427
"-17",40,338677.4693688073,359
"-17",-14,228673.85309275216,200
"-17",0,493922.3818219876,534
"-17",-20,292540.5271770448,282
"-17",21,495047.9936469787,536
"-17",-8,407928.91080998344,432
"-17",-34,239969.16441466997,216
"-17",23,497877.341604981,543
"-17",-2,516947.04592672415,570
"-17",-10,316408.48252628575,271
"-17",-23,320684.2140313488,308
"-17",32,356201.90134861646,326
"-17",-11,302165.45011235855,256
"-17",17,552270.2957836211,570
"-17",-30,361632.4317779731,331
"-17",-41,400399.3038135817,414
"-17",-45,342882.4539589732,319
"-17",-44,353651.8552633743,328
"-17",-4,498177.6512174505,540
"-17",46,298555.9610321227,287
"-17",-29,391742.28765579243,380
"-17",-47,266732.2875986226,228
"-17",10,428894.17358270974,422
"-17",43,294472.8723056952,280
"-17",9,429619.8037479848,429
"-17",-3,509399.2279392212,554
"-17",-43,370407.16648291855,352
"-17",5,443242.34697949927,459
"-17",-12,287644.99315883196,253
"-17",-24,341599.3911627898,345
"-17",-40,357362.5041404008,374
"-17",-37,283871.72150755965,294
"-17",20,523129.1472213744,569
"-17",39,340936.79309640976,374
"-17",38,376255.327805708,433
"-17",-28,388750.70301925036,393
"-17",2,455038.18349836225,463
"-17",24,485420.69379327906,512
"-17",-15,258400.40454624203,261
"-17",-25,347463.52377033944,336
"-17",27,433237.1556731036,433
"-17",-32,330194.22045536974,301
"-17",30,411334.3357068178,402
"-17",8,418685.96607686643,413
"-17",-16,292711.3595802047,322
"-17",45,295283.5564002326,287
"-17",36,300518.0452877369,281
"-17",-1,508753.1991556099,561
"-17",-36,243268.30299500964,241
"-16",-21,331780.4982341059,315
"-16",27,470759.8455727944,493
"-16",43,295363.35929877014,284
"-16",-40,370529.0653723655,382
"-16",32,350483.21510825923,318
"-16",2,479643.4902284609,508
"-16",-33,264460.0741510198,231
"-16",44,270182.40845835465,239
"-16",-2,528018.9390058493,584
"-16",22,506539.1812035756,555
"-16",6,475789.5688294923,506
"-16",-38,313870.62987872394,334
"-16",-26,363383.2981858667,345
"-16",-25,357935.0968196323,335
"-16",-43,409419.2554257229,399
"-16",-16,272203.5658374672,294
"-16",-22,311683.01338573446,277
"-16",16,565785.350140181,586
"-16",-39,344517.1297178693,361
"-16",38,369677.7794799339,408
"-16",41,330506.35491623415,340
"-16",26,486862.5220073426,512
"-16",-34,270695.5404585578,260
"-16",-35,259079.06619372082,255
"-16",8,453329.11748712504,473
"-16",0,521790.67076915526,576
"-16",-19,280212.83395232225,295
"-16",12,539012.4550579671,596
"-16",-14,196493.85810478052,147
"-16",15,565159.6121627949,605
"-16",45,263758.51809157745,239
"-16",18,537085.5235545216,563
"-16",36,281692.4838860699,253
"-16",-17,271809.75291282084,291
"-16",-11,333301.5967488449,318
"-16",30,385668.8570876171,346
"-16",-47,230238.10757910932,151
"-16",19,521953.4668930063,548
"-16",-18,296588.31791933614,333
"-16",11,526986.0425221006,569
"-16",25,481206.6944404474,503
"-16",-45,322704.8048387335,295
"-16",-44,383170.45121178514,377
"-16",-12,257943.75133930446,211
"-16",-20,291214.61648841016,287
"-16",40,360340.8313426999,386
"-16",-30,324120.7118944158,298
"-16",4,479344.16909135156,496
"-16",46,276593.46438638197,269
"-16",39,374569.1119608954,422
"-16",3,477697.51373586856,496
"-16",29,418247.13754020096,414
"-16",-28,410117.5109670051,427
"-16",42,313935.42989589775,303
"-16",-42,419984.59745715914,428
"-16",-31,302958.8303347194,266
"-16",-9,401453.9354686553,413
"-16",17,565012.7348514957,579
"-16",-15,242280.93354924905,235
"-16",-8,415734.6924360436,443
"-16",-23,321460.23677484086,289
"-16",-7,435318.0612055218,462
"-16",24,486004.8108647024,516
"-16",14,548215.1741229467,600
"-16",13,558437.8655381694,628
"-16",5,487774.54813114676,523
"-16",-36,243991.80322422876,241
"-16",28,445726.5812439572,471
"-16",-3,537101.8299477766,599
"-16",-4,515527.9539306838,567
"-16",37,344723.3324077749,359
"-16",-32,261224.80947497132,202
"-16",23,497811.2261027066,538
"-16",31,357861.8258178933,329
"-16",9,443300.6565692176,453
"-16",-41,411113.270693089,440
"-16",10,492842.6802536575,524
"-16",34,321954.19575716753,298
"-16",-27,389392.22367664776,386
"-16",-1,553116.626949766,628
"-16",47,247520.4680511632,228
"-16",33,354023.8419411213,337
"-16",-5,497112.63414331543,549
"-16",-37,266147.4119492487,269
"-16",-24,345691.6070234883,320
"-16",21,513286.5026797407,556
"-16",-29,365140.56544672634,337
"-16",-6,476438.6921659504,522
"-16",-10,365272.65881390846,351
"-16",1,495633.8513869498,545
"-16",35,303863.17282762943,290
"-16",-13,215532.902827451,148
"-16",7,437726.266061095,440
"-16",-46,278021.36433671706,226
"-16",20,547911.5548802471,600
"-15",-38,307406.13394379336,330
"-15",-37,268833.300958466,267
"-15",3,488034.7589031585,518
"-15",17,564328.153399957,572
"-15",35,263777.88899935014,231
"-15",-12,232967.297671974,175
"-15",20,541828.0510083784,569
"-15",29,399736.66101704864,375
"-15",-32,280569.36611800164,251
"-15",-44,433441.53047324816,460
"-15",4,473554.6876833818,489
"-15",-14,196558.1494194142,148
"-15",-20,300570.6098281939,308
"-15",37,315369.9156304754,329
"-15",32,319206.2395329365,277
"-15",19,540328.0645872883,559
"-15",18,550214.1706075772,567
"-15",28,456128.4695528575,461
"-15",-6,478002.3304621213,519
"-15",-29,344561.42937520705,327
"-15",42,296254.9879003756,293
"-15",-7,437350.34588842205,462
"-15",-18,312753.8060636246,347
"-15",22,524136.85197335907,585
"-15",-17,284677.55667444644,308
"-15",-27,379052.05599603115,392
"-15",27,519456.8905195095,558
"-15",2,481772.9825133562,509
"-15",47,248126.64041427814,221
"-15",-45,364054.7355033845,349
"-15",26,502635.66981985833,533
"-15",33,306003.5586817399,260
"-15",38,353273.65922499605,384
"-15",0,531571.9563870521,592
"-15",-36,255088.1997958042,246
"-15",8,454304.758992118,463
"-15",9,442304.0911409922,441
"-15",1,486440.2737345973,524
"-15",43,285089.138546955,270
"-15",-11,265315.7194602463,222
"-15",34,278628.7150081029,248
"-15",-25,305452.4842125847,257
"-15",-43,441136.7224442303,459
"-15",-3,515068.6488479614,557
"-15",46,266136.77924526966,247
"-15",5,470545.38512118015,491
"-15",-16,273673.9888404656,299
"-15",-13,204797.6404175532,142
"-15",14,612373.3701986704,703
"-15",31,378226.9575898791,354
"-15",41,302705.27008822403,305
"-15",-40,383377.85858389986,394
"-15",25,496329.0064950149,540
"-15",-21,338303.720361692,331
"-15",-24,278626.62191836414,230
"-15",-1,527783.5338771521,589
"-15",-34,273780.4621362184,258
"-15",-19,293366.00217149267,312
"-15",-23,282930.61010963144,229
"-15",-31,306070.725449288,290
"-15",39,373528.76490070944,420
"-15",-26,310743.09758627677,290
"-15",30,396016.4014441423,372
"-15",-33,252651.76642951512,214
"-15",-46,293334.9895152873,236
"-15",40,335022.9815465121,352
"-15",-35,257010.06072280632,243
"-15",-22,334765.6861316133,309
"-15",-4,531057.0753378753,585
"-15",-5,507091.03265554353,567
"-15",-39,354450.4675674504,380
"-15",15,589083.9301565097,639
"-15",24,494855.55367713684,541
"-15",-9,416799.3354875661,448
"-15",-10,361974.27034540416,365
"-15",23,510597.903700411,569
"-15",6,444477.0718947031,444
"-15",-28,366997.49636824906,372
"-15",12,597425.6048729649,698
"-15",45,254837.8899418671,231
"-15",36,273954.651744699,249
"-15",-47,258321.7669325352,181
"-15",-41,432958.3885752543,461
"-15",-15,256837.72723616668,266
"-15",7,428411.95350360346,419
"-15",-8,419688.8483809188,449
"-15",10,471326.4503828128,480
"-15",-2,515124.00555003947,567
"-15",44,255338.8131581445,227
"-15",13,628422.5976136771,752
"-15",21,558248.1109002236,607
"-15",-30,318927.57288226316,306
"-15",16,568153.7894837154,592
"-15",11,549847.3841651443,610
"-15",-42,457907.2146723293,474
"-14",5,450988.24419464084,459
"-14",33,313025.68483704235,274
"-14",27,440829.2600339527,439
"-14",-44,367509.9324302704,359
"-14",44,269904.00374469854,255
"-14",23,547896.7018095666,614
"-14",18,580269.0353735101,614
"-14",-40,367413.54111979314,374
"-14",-12,237126.3475812391,173
"-14",12,581381.0566909258,669
"-14",13,616573.3468884598,726
"-14",1,486893.9290042129,516
"-14",6,418250.8177691407,398
"-14",-42,457557.6497394354,474
"-14",47,286891.5591069933,276
"-14",-1,522719.81215819146,585
"-14",20,551265.9933477266,572
"-14",25,494727.2498984442,529
"-14",35,268465.9312354709,249
"-14",-33,219298.05697544847,161
"-14",19,579097.2735495542,613
"-14",-30,317453.1762712871,301
"-14",45,252745.76967986184,226
"-14",11,536458.8586580498,586
"-14",16,589148.3341486104,629
"-14",30,416119.5833296613,398
"-14",-17,291427.8087023818,296
"-14",-36,239947.6886131268,214
"-14",-41,411352.1423116689,403
"-14",-25,286592.6485228625,262
"-14",42,275454.49567337974,269
"-14",0,533763.2174106314,593
"-14",41,287275.874264439,288
"-14",26,471158.84871810523,482
"-14",-29,306801.76963028096,269
"-14",48,307442.96263364673,302
"-14",10,482003.24715047324,491
"-14",-2,531902.4436815197,601
"-14",40,314947.2461474727,321
"-14",-3,505985.658269028,552
"-14",2,488720.387133405,512
"-14",43,262835.4931859838,254
"-14",14,628103.8044056781,734
"-14",-31,337618.64350297494,339
"-14",-48,224091.15245812514,152
"-14",32,335602.8747573937,296
"-14",24,505646.12528565514,554
"-14",17,582642.7551074801,608
"-14",-46,241045.43310675502,167
"-14",-43,431251.71482404333,443
"-14",46,275608.8822475762,261
"-14",38,328432.9402033636,353
"-14",-18,289471.11586086114,315
"-14",36,278456.77857610944,263
"-14",-28,314545.47932686575,279
"-14",-7,414199.45226041164,427
"-14",-37,237416.68739639182,228
"-14",9,443194.9094210463,433
"-14",-14,243795.03678058548,204
"-14",-13,210968.60862719122,138
"-14",37,313699.17658172315,322
"-14",8,439641.04972165753,431
"-14",-4,502674.7784204406,546
"-14",-22,288213.41191314324,253
"-14",-10,332252.80582943314,320
"-14",-26,330746.2065581677,317
"-14",-9,384356.9367643418,394
"-14",-27,347634.6368974157,346
"-14",22,565625.0523601421,622
"-14",31,384877.56128455885,359
"-14",-23,257954.32079125562,201
"-14",-35,253879.30674152068,232
"-14",21,544954.0565126957,574
"-14",7,411581.3732056084,380
"-14",3,464490.8672481243,475
"-14",29,435883.89144822647,419
"-14",-15,267998.1822609094,280
"-14",4,460724.7756141888,476
"-14",34,276755.73033256986,241
"-14",-38,271166.63685455517,279
"-14",-21,301675.0281238325,291
"-14",-32,290927.52959955804,272
"-14",-19,301959.9192698034,315
"-14",-39,329849.5687142396,347
"-14",28,450036.9952947948,450
"-14",-5,501570.6275589539,551
"-14",-8,377634.88484968035,380
"-14",-16,275454.9074640735,270
"-14",-24,259751.1725058798,211
"-14",39,346065.07947169896,370
"-14",-45,272364.8347757541,213
"-14",-34,226637.63042485068,184
"-14",-20,300209.86727361684,309
"-14",15,622602.3963595429,696
"-14",-6,463283.8357011481,497
"-14",-11,278824.3846134664,231
"-14",-47,226166.6273507315,140
"-13",-4,478119.73022940994,509
"-13",22,593150.0000956096,662
"-13",-47,228419.6774022072,162
"-13",8,410679.50146660954,395
"-13",-27,335656.2160730406,335
"-13",-35,269847.16954707145,248
"-13",31,412765.33939749794,408
"-13",-11,297279.7383127319,258
"-13",38,350789.4819757875,373
"-13",33,331365.69607604033,319
"-13",16,598247.4085773592,652
"-13",44,262733.0906925591,244
"-13",25,510821.6856320839,545
"-13",32,376693.79070945363,356
"-13",-22,229997.00707144634,183
"-13",-2,497870.200253111,551
"-13",40,294395.85248098953,295
"-13",42,273345.75735712657,247
"-13",18,577027.1313308462,610
"-13",48,320563.59322456573,329
"-13",26,456408.2965472019,467
"-13",-23,251311.71635422856,209
"-13",-48,233070.91813779593,182
"-13",21,581311.549836329,629
"-13",-14,259809.1635245263,225
"-13",-38,309346.82483007514,314
"-13",-33,267399.09738699545,228
"-13",-13,251608.99962740394,199
"-13",19,594091.2781875753,633
"-13",-5,486105.4496565759,528
"-13",17,596629.9733468241,632
"-13",-29,302256.79309506435,272
"-13",-28,304878.62082665693,275
"-13",0,518723.62469211256,578
"-13",24,584621.9553183566,668
"-13",-17,318234.5658864834,334
"-13",15,604613.8920819069,676
"-13",20,588919.3923872231,637
"-13",47,313566.33327739517,321
"-13",35,303225.1189610356,301
"-13",-36,261173.49344185487,242
"-13",13,623792.3563275326,734
"-13",34,305942.3106750815,300
"-13",-8,361421.1354052096,358
"-13",-7,422248.9340513131,447
"-13",-42,428947.3966119517,436
"-13",-31,295708.6109471189,267
"-13",45,255800.81328531203,226
"-13",-10,327360.07126756606,310
"-13",9,430295.3514085691,409
"-13",43,263280.8550281106,238
"-13",-34,254894.16140211874,215
"-13",-20,231400.95572945147,197
"-13",-26,307046.75393433915,301
"-13",-41,403248.23806704767,400
"-13",-3,482817.45438229654,520
"-13",-25,283926.5855516761,292
"-13",27,434920.134538149,442
"-13",41,278384.991594282,265
"-13",23,592778.0124023986,671
"-13",-24,258817.4181001807,235
"-13",6,421335.1505196469,401
"-13",46,275058.5410748703,263
"-13",-15,280861.1067542767,274
"-13",4,464330.9402242875,484
"-13",-21,209365.8737282323,160
"-13",11,483615.13067021815,507
"-13",29,400568.2641965513,365
"-13",-40,382397.45873168414,392
"-13",7,407496.62974339863,384
"-13",-32,251472.69929807578,203
"-13",3,472982.45591704734,494
"-13",28,412567.51683799597,399
"-13",-30,304135.53637002554,263
"-13",5,453285.85140737286,456
"-13",37,330621.70951911475,340
"-13",30,411028.6625488216,385
"-13",-18,306312.949766178,312
"-13",-43,384657.2408589144,369
"-13",-39,340156.31808790105,355
"-13",1,486917.1996351212,519
"-13",-45,259477.03029007657,206
"-13",10,444188.3838809862,439
"-13",39,337205.7659184584,354
"-13",-6,445397.83132824436,470
"-13",-37,264902.9344655295,255
"-13",-46,244345.56028172106,186
"-13",12,561425.4182634163,630
"-13",-19,254794.32708819662,227
"-13",-44,308483.6913744244,274
"-13",-16,309067.0840573336,322
"-13",14,629910.8600288028,733
"-13",-12,284328.1680781034,231
"-13",-1,516184.4680742077,579
"-13",36,323639.87096032576,335
"-13",2,456367.8176197824,472
"-13",-9,338487.597885882,316
"-12",1,484815.8261658846,515
"-12",-26,307644.0244295687,314
"-12",0,503921.7644009715,554
"-12",-12,304994.6406506477,276
"-12",33,330267.1997183258,313
"-12",-47,255640.84676273583,215
"-12",-35,304790.1778117665,310
"-12",-41,332007.0689714939,328
"-12",-43,325311.68839925824,301
"-12",23,565147.3471836805,621
"-12",9,421790.72619156964,413
"-12",-14,245098.31289919128,182
"-12",-36,298804.61361532245,303
"-12",3,449419.75958423316,478
"-12",-8,369452.5976063647,359
"-12",43,262700.484930969,250
"-12",-33,266732.22105785523,218
"-12",20,595310.7909753192,655
"-12",-20,188781.36765513552,131
"-12",-21,181517.54464176478,133
"-12",34,320536.87032072834,316
"-12",-31,294934.10714551836,251
"-12",-25,280824.78702051356,284
"-12",14,572166.2424420095,641
"-12",45,247498.90600318028,237
"-12",-44,307584.770399586,275
"-12",-1,478864.3222983774,519
"-12",46,265185.6206954676,259
"-12",36,324282.87376086,333
"-12",-13,251876.97902355832,187
"-12",12,522427.54534062115,574
"-12",16,592653.8678422644,652
"-12",-34,291127.8323253443,272
"-12",44,243491.8200526326,227
"-12",-7,392825.0491635155,408
"-12",35,320978.69985163014,323
"-12",6,424447.88521860895,409
"-12",10,423962.5237707536,416
"-12",48,327783.1711455315,346
"-12",-23,252146.2015778462,231
"-12",-32,281841.3309974601,234
"-12",25,459469.9920149995,486
"-12",21,597919.5589944025,666
"-12",47,323357.979726698,345
"-12",13,555816.74217119,620
"-12",-10,334960.2803427173,311
"-12",-29,309741.0869680531,275
"-12",30,403314.9757204735,388
"-12",7,415983.7983698082,392
"-12",26,436521.2026728336,448
"-12",-39,388681.7139248226,429
"-12",-17,289565.40765509,272
"-12",-40,382833.1276559701,406
"-12",-18,297335.0502284817,287
"-12",-5,439315.55640761874,467
"-12",37,338863.6666423895,357
"-12",-11,349359.10283914226,334
"-12",22,584337.1511360012,645
"-12",-38,352155.6585890426,376
"-12",24,492800.1787713584,522
"-12",15,584860.9751580873,654
"-12",28,390053.4764074612,372
"-12",-22,205014.08216005628,179
"-12",-42,338339.5398165666,330
"-12",40,290566.6621983484,272
"-12",2,454955.02769021125,478
"-12",31,392957.3220188232,383
"-12",17,572791.9930750901,616
"-12",-27,333426.6247654714,339
"-12",-9,344873.41889028484,314
"-12",32,359164.99918257684,334
"-12",-2,463102.841032895,495
"-12",29,389749.67199195165,356
"-12",-19,259052.44265816873,233
"-12",-46,249559.3956413281,209
"-12",-16,285851.7126389842,276
"-12",38,315983.5568895223,320
"-12",11,467910.8510293498,485
"-12",39,309359.73438636423,299
"-12",-28,313906.84881740675,295
"-12",27,432087.2476539829,444
"-12",-6,458538.4889653502,516
"-12",-45,259729.49874853203,215
"-12",-15,275699.40870537097,260
"-12",18,586200.362121608,634
"-12",19,599947.8256507523,650
"-12",41,264013.24543505325,244
"-12",8,416182.6293667851,406
"-12",-30,306315.20115925575,268
"-12",4,450317.0351613087,478
"-12",42,259478.3009550456,235
"-12",5,441078.1316107512,454
"-12",-24,272629.60290924466,267
"-12",-48,264984.3327884904,237
"-12",-4,433271.27037358575,440
"-12",-37,333049.84238729574,359
"-12",-3,422262.2972825678,430
"-11",-29,323394.2116120312,311
"-11",23,509534.0850994863,528
"-11",2,442875.758870598,467
"-11",-46,274537.3183816917,234
"-11",-8,324388.4349681686,328
"-11",-28,317699.89979759726,306
"-11",31,392357.1645351795,389
"-11",43,279084.8562325654,266
"-11",0,508442.7060479313,575
"-11",41,276247.1925870651,242
"-11",9,410620.06080628355,412
"-11",40,286880.68329933845,245
"-11",-21,220145.4065754093,174
"-11",45,290250.811854415,287
"-11",-47,277571.6429368379,255
"-11",10,436873.88789135753,436
"-11",-4,393674.5120706066,405
"-11",-25,330679.48836074385,318
"-11",24,461752.6343014258,469
"-11",-40,345552.9926024663,368
"-11",35,325462.15009413194,314
"-11",28,386655.5450603344,373
"-11",-2,487826.69998832897,529
"-11",-39,364093.1214568219,396
"-11",-12,325879.83502634364,295
"-11",26,431845.20360491716,452
"-11",-16,223800.32044647462,178
"-11",-35,358787.66017763666,380
"-11",-1,512549.2082828384,573
"-11",-18,272843.73985995766,239
"-11",6,410725.129932494,406
"-11",-6,364651.64982089464,365
"-11",-45,282656.8316774441,240
"-11",-37,374445.3687794963,398
"-11",38,322621.88154518127,327
"-11",32,357268.5007451655,330
"-11",27,422092.2998457983,439
"-11",14,541555.003869819,579
"-11",12,552922.3429591105,613
"-11",-48,287351.0628218446,278
"-11",-33,339789.83254400594,324
"-11",17,557644.9140175912,613
"-11",-44,309407.893734153,293
"-11",42,287083.94600080076,270
"-11",37,304450.68996422255,296
"-11",-32,348546.64278615307,327
"-11",33,324897.1826949701,301
"-11",39,311927.0805816583,293
"-11",34,319739.27478652995,290
"-11",-19,232453.1457303472,182
"-11",4,440604.08262120123,472
"-11",-17,250699.38217754243,212
"-11",-7,364562.70769871626,374
"-11",44,258831.66681910594,243
"-11",46,334940.77246226475,350
"-11",-27,320607.78588917974,302
"-11",15,540158.1496658726,586
"-11",47,358574.20541190647,387
"-11",-38,358551.0011551966,384
"-11",1,485418.8611669723,528
"-11",-43,340251.64361465117,342
"-11",48,357172.0664263706,378
"-11",-36,354190.1796452842,368
"-11",29,373659.5472442557,350
"-11",3,447634.10293631634,480
"-11",25,447912.58736803365,467
"-11",-24,286282.90929598914,269
"-11",-14,245157.4587462197,178
"-11",22,581579.9253947322,634
"-11",-23,283654.59550662135,268
"-11",5,422666.10937260016,437
"-11",-26,338296.4088312548,344
"-11",-11,316924.97017822094,303
"-11",19,596884.7412575068,675
"-11",-20,209960.1319200089,151
"-11",-10,305793.9381816419,295
"-11",13,570590.2650788979,626
"-11",-3,455011.08018290496,485
"-11",-9,317363.8275477603,310
"-11",-34,346314.6806089813,333
"-11",20,606292.9265380872,683
"-11",-31,327605.7106729213,294
"-11",18,581199.0433880669,655
"-11",21,592267.0007922774,660
"-11",-30,329330.87634930195,303
"-11",11,483016.29767213727,506
"-11",30,404432.2084665088,396
"-11",-15,238489.48512852745,189
"-11",-41,334205.43271808367,345
"-11",36,314596.08877485857,298
"-11",8,407942.3064871819,411
"-11",-22,239712.4059552147,206
"-11",-13,270980.614863579,210
"-11",16,550368.176188588,597
"-11",-5,381074.75759511447,390
"-11",7,408514.6769096746,403
"-11",-42,341257.7882663085,354
"-10",-43,327617.4038931497,331
"-10",-41,320899.1750844847,349
"-10",-48,249312.42707571163,226
"-10",-21,251832.04269669822,212
"-10",24,457215.9510336146,461
"-10",-3,454915.0117000032,496
"-10",25,454887.87885029556,471
"-10",-26,326990.0603430368,336
"-10",30,405952.5050832119,405
"-10",-40,315868.5693912533,341
"-10",35,289661.35941473563,257
"-10",-44,318048.1378340984,314
"-10",41,315736.82436791237,289
"-10",-34,327048.6740602432,300
"-10",11,503814.3576572562,530
"-10",-6,337029.3538030413,315
"-10",-29,309124.5251000376,285
"-10",20,591050.7364370078,671
"-10",28,393230.1465452647,381
"-10",34,307877.76619347476,274
"-10",-18,198497.3366135419,130
"-10",31,386140.42742839316,382
"-10",44,353167.9381177012,384
"-10",9,423699.9761986857,421
"-10",-14,225438.87406781432,139
"-10",-22,267375.4399554688,232
"-10",19,594044.9137976044,678
"-10",17,583449.0619465556,645
"-10",-5,349541.48582993785,336
"-10",-46,273401.71066884696,232
"-10",37,285560.07831424853,272
"-10",-28,302108.1179733886,281
"-10",-38,342894.06723054714,370
"-10",6,432704.15171409905,439
"-10",-1,538323.8838621022,610
"-10",-4,412365.3997136595,437
"-10",7,436185.9327884255,440
"-10",-27,310530.8092336339,294
"-10",-25,300162.4861667039,282
"-10",3,442374.9224503711,459
"-10",-15,210684.6623458209,138
"-10",42,343024.1032635973,339
"-10",36,283922.82315360446,260
"-10",-42,327365.7767643942,337
"-10",4,427335.0157028274,435
"-10",39,321415.31229942286,322
"-10",38,292306.5347059187,278
"-10",45,360013.5441789292,382
"-10",40,309223.47773630556,277
"-10",-2,504931.7131383812,567
"-10",-13,317561.34473877726,269
"-10",16,556887.56733856,593
"-10",-47,249005.84147491315,203
"-10",43,361840.02151078975,388
"-10",-11,284766.0712115549,252
"-10",-30,328400.4772106772,318
"-10",-35,389364.61040965613,409
"-10",29,386336.330621005,381
"-10",-19,234252.0665344318,186
"-10",-20,220626.70292100764,157
"-10",-17,180703.6996364577,107
"-10",-7,314936.58182657324,292
"-10",-10,291588.6355299382,269
"-10",32,358698.3284980504,332
"-10",-36,385639.7762449785,409
"-10",0,509639.06605106645,558
"-10",18,590850.4184152731,672
"-10",-12,288006.84264815215,247
"-10",-37,360356.09063992643,383
"-10",26,450090.3912679628,473
"-10",-32,358788.5290688898,344
"-10",8,424578.26297989115,429
"-10",-39,330219.6401511546,366
"-10",14,531308.870495281,547
"-10",2,471206.7412069033,488
"-10",-33,331109.8957702695,312
"-10",-9,291549.9584361288,261
"-10",15,541987.8603071375,558
"-10",33,332503.6624399591,308
"-10",-23,275959.97954500356,240
"-10",13,557729.1786683571,598
"-10",-45,322896.53220349806,309
"-10",-16,208051.3403808104,151
"-10",47,347996.5585136088,367
"-10",27,426556.0329514456,430
"-10",21,578293.3201593653,639
"-10",22,533935.5244545076,561
"-10",5,439251.7705397728,447
"-10",46,350087.2061645615,363
"-10",48,363554.86905130796,386
"-10",23,486443.5466938332,493
"-10",-31,337369.53172687715,322
"-10",1,499247.326793088,537
"-10",10,463104.3153066842,486
"-10",-8,303174.799158397,284
"-10",12,563917.7255725167,627
"-10",-24,282442.3153326859,257
"-9",2,531129.8366746928,570
"-9",21,563577.5586076273,604
"-9",-36,377673.97937750106,411
"-9",12,604104.5257548026,686
"-9",28,456690.61870559584,472
"-9",36,277658.25566081086,254
"-9",20,604576.9024679034,666
"-9",45,308796.4708543067,297
"-9",-2,494863.2451817247,550
"-9",41,410967.0580238964,413
"-9",-3,462960.4298928206,501
"-9",-19,211319.17776567716,162
"-9",24,490902.34090158524,518
"-9",-16,188707.13655576375,135
"-9",4,485970.0615575535,527
"-9",7,466066.84322260995,495
"-9",16,628712.1971085363,686
"-9",-33,325030.03297835105,295
"-9",-17,173999.89970258958,111
"-9",-43,331270.55378904345,330
"-9",35,268835.03974605916,231
"-9",15,611368.1593445794,656
"-9",-30,307071.70450024575,284
"-9",-45,329207.97839220613,324
"-9",-35,390232.6112660079,410
"-9",-25,309749.7831321466,307
"-9",-10,287137.70509711845,257
"-9",-32,342354.13944668154,324
"-9",23,482498.0750799902,497
"-9",-39,315754.70633086364,359
"-9",1,541530.5072452293,598
"-9",11,555805.9334842833,610
"-9",-21,277331.84536349756,245
"-9",30,410012.08216602495,416
"-9",17,615980.9628793555,675
"-9",27,492251.5961558683,517
"-9",43,396522.10355122614,415
"-9",47,258910.73872978278,219
"-9",-49,256974.88890129735,219
"-9",44,364700.1332708948,388
"-9",-44,340485.48218881106,338
"-9",-20,258663.1571527819,226
"-9",-8,300497.13292042277,263
"-9",5,506073.2395642934,547
"-9",8,460230.0496569044,478
"-9",33,308905.0557130227,272
"-9",-13,274617.3289956369,241
"-9",49,322673.9742555122,317
"-9",-7,306404.3139305398,265
"-9",-34,362090.92700625083,360
"-9",-28,312335.3800415884,293
"-9",-27,326228.83437850786,320
"-9",10,520122.5273951888,558
"-9",18,614350.5934014496,694
"-9",0,539336.8201824486,608
"-9",-14,249656.52863102403,197
"-9",46,280450.5120182964,248
"-9",-12,254527.86535158422,210
"-9",-41,326593.4660760336,354
"-9",-48,261825.54478606515,233
"-9",6,492068.8675476785,527
"-9",-22,287747.8518334172,251
"-9",9,486626.1780177198,511
"-9",-42,326221.0942349521,333
"-9",-29,303174.94005322026,272
"-9",31,370422.8557594178,365
"-9",37,286742.3561077777,277
"-9",-37,334657.34018481936,350
"-9",-46,273593.26771500456,231
"-9",-26,332225.74385090603,338
"-9",29,425279.82509721396,442
"-9",-5,375259.84017677984,350
"-9",-6,304362.2299927498,241
"-9",3,499408.01403249975,547
"-9",22,529251.6950588519,556
"-9",-9,287808.39630532294,247
"-9",38,315466.94612606056,311
"-9",-31,364230.59887212707,372
"-9",48,296406.1644259669,280
"-9",-38,311212.32100244437,330
"-9",-1,531687.0167425305,600
"-9",25,481770.6909620756,511
"-9",-11,243624.35131831214,196
"-9",40,365623.4628979168,364
"-9",-23,289141.8636453598,243
"-9",13,602934.4389649549,653
"-9",19,616846.3358519548,691
"-9",-18,186876.435730415,132
"-9",34,285770.9815254678,263
"-9",14,607492.118789577,649
"-9",26,509564.6027200102,551
"-9",39,357634.6632005506,370
"-9",-15,217305.79694555097,145
"-9",-24,284739.2212076684,267
"-9",-4,419441.3558690562,426
"-9",42,413315.2563920823,434
"-9",-40,308715.0621631603,346
"-9",32,336564.07325718226,303
"-9",-47,245256.26385471068,197
"-8",40,418451.8757927829,445
"-8",-8,316035.5808339587,292
"-8",28,533156.0409510698,574
"-8",48,272824.27452735876,230
"-8",3,528954.3324294235,588
"-8",-3,459490.74589086825,500
"-8",33,291472.55667361786,264
"-8",42,424884.4871965342,425
"-8",30,400474.5922457846,412
"-8",11,564135.3555397195,621
"-8",-46,266507.84298771323,211
"-8",-28,325514.0643464178,327
"-8",8,494451.81936596864,541
"-8",43,391761.7338922788,398
"-8",39,367176.44399870845,379
"-8",-24,286297.75395772746,276
"-8",-20,291097.43916505424,267
"-8",38,327490.67947757046,333
"-8",-48,270093.81741358485,241
"-8",-11,250072.74563826201,208
"-8",-33,354619.1533344364,343
"-8",-32,315431.2294658948,281
"-8",34,272321.72782808874,241
"-8",-13,269558.3168507991,252
"-8",-21,316681.11573846405,298
"-8",-9,276408.61731617973,235
"-8",32,337897.02365990914,318
"-8",5,500581.31768516434,535
"-8",-49,272984.37574551645,243
"-8",-44,323184.9823317512,306
"-8",2,531011.6890318205,583
"-8",-15,243426.78301539074,240
"-8",-14,257550.22507960413,243
"-8",31,382398.33938498975,395
"-8",-27,349028.1175342131,375
"-8",-40,299236.29328160314,334
"-8",-39,306830.48408038216,344
"-8",37,283507.9326559271,273
"-8",-45,276786.8972774905,238
"-8",-2,493540.72866844,558
"-8",25,531029.8414050475,572
"-8",-12,267732.7002331253,231
"-8",-29,320763.42996689165,307
"-8",27,569557.5430828113,622
"-8",-41,308456.677492894,332
"-8",-25,321434.0686370805,351
"-8",23,487577.5452988315,494
"-8",-26,334129.26391852775,356
"-8",-7,315749.291000467,279
"-8",18,614044.4000203991,677
"-8",26,561368.8084036121,623
"-8",22,523224.1672349515,546
"-8",45,282830.21817677625,255
"-8",17,621076.3692517492,671
"-8",0,540637.9271898519,614
"-8",-18,230041.70739820745,200
"-8",10,540420.5363719726,583
"-8",-37,311349.9643172066,338
"-8",-23,305815.00214695156,268
"-8",-42,304533.30654556723,288
"-8",15,611885.8041776717,650
"-8",-5,353245.2481097821,306
"-8",-36,319962.9562253167,332
"-8",29,443116.387873739,460
"-8",-31,347383.40836255933,328
"-8",49,277672.8805180082,238
"-8",-35,388513.2696314833,424
"-8",-10,249638.18894062107,206
"-8",19,591421.7137406518,645
"-8",-34,382334.18170385755,405
"-8",16,629463.1588446413,684
"-8",-47,293140.77046053816,262
"-8",20,572195.0610669235,612
"-8",-1,533891.5812696989,612
"-8",35,261245.90839999274,232
"-8",-4,417318.5010293419,419
"-8",-22,310487.23845705343,272
"-8",13,595802.9632021803,638
"-8",-30,332501.5601766531,314
"-8",44,374033.8455915876,386
"-8",-16,207997.73641138346,173
"-8",47,250812.99439257837,201
"-8",-43,320707.7959674718,288
"-8",36,271053.0283312711,249
"-8",-6,306738.3822620161,240
"-8",7,509339.86250421096,549
"-8",14,612597.7429591779,659
"-8",12,606700.8540234134,685
"-8",-19,263398.6264790234,231
"-8",24,505835.475304596,522
"-8",46,268702.63405844255,225
"-8",-38,299902.7719225904,326
"-8",-17,206572.7229530273,175
"-8",41,417910.4775436722,419
"-8",4,498432.92075761827,541
"-8",1,542268.6041330892,602
"-8",6,505683.35090683337,542
"-8",9,500841.4741076668,540
"-8",21,552419.2967551872,586
"-7",30,481848.6564338913,509
"-7",-39,305646.63901574427,326
"-7",-45,282529.1837535102,228
"-7",-10,290991.3489043264,254
"-7",13,564196.4900054049,584
"-7",0,555158.8938926419,634
"-7",27,563083.4502140133,606
"-7",40,408157.3179671275,425
"-7",-24,262061.9088740099,256
"-7",45,314274.7089030916,287
"-7",-41,295587.81500947743,289
"-7",18,615127.1800412785,668
"-7",-3,473666.60930817906,517
"-7",-35,339352.3759627607,344
"-7",36,289002.11831291957,276
"-7",-27,390496.35097779386,442
"-7",-13,272981.78626646486,271
"-7",49,259540.86890425763,222
"-7",-33,318026.6914348828,292
"-7",-14,258887.41640980757,261
"-7",-25,308288.7455470519,330
"-7",-9,285772.7230965306,233
"-7",16,619159.2223893816,662
"-7",4,518170.5496188296,557
"-7",12,603671.3996143182,670
"-7",-46,296128.77648572536,230
"-7",-15,265768.56359279033,277
"-7",37,323071.27802450606,315
"-7",1,560170.1012193023,628
"-7",41,408496.9544140218,413
"-7",-28,379921.4475490365,405
"-7",39,371362.8949199281,373
"-7",10,522311.56117325823,558
"-7",-29,385246.0454067526,398
"-7",-8,326249.1764455071,298
"-7",-36,309283.0273457387,304
"-7",8,519349.3599699624,563
"-7",46,263470.9317607443,212
"-7",14,581454.2726291236,609
"-7",-20,338346.2777930154,342
"-7",-23,257852.70179289943,233
"-7",32,344340.761690947,333
"-7",25,564107.0133568011,619
"-7",33,296614.80074864207,275
"-7",-32,300778.77960398694,248
"-7",-5,378276.4437727797,343
"-7",-1,546737.386135147,632
"-7",-40,304133.4757766751,319
"-7",34,268006.7243057605,242
"-7",-31,318926.7877468415,283
"-7",48,254868.75409688047,211
"-7",24,492238.43034920027,501
"-7",-7,330184.8952199275,293
"-7",2,535444.8712007641,602
"-7",-21,314914.52811477485,319
"-7",21,537011.3355964276,567
"-7",-4,431639.4254982798,426
"-7",-34,361450.241107678,374
"-7",17,616478.2513662177,662
"-7",-30,348448.3234160352,333
"-7",28,537561.248274498,568
"-7",38,359869.51040666626,366
"-7",-2,507703.50333054207,578
"-7",-44,289776.69910933246,246
"-7",5,505087.20422441856,549
"-7",-47,318274.87033072405,280
"-7",-12,318005.2060182704,308
"-7",-22,278449.04814406193,255
"-7",-42,281664.17338422633,250
"-7",19,592357.7717758724,641
"-7",23,481027.00066179724,489
"-7",35,263620.0506203817,239
"-7",15,599594.2983668378,627
"-7",-37,297452.2041633232,320
"-7",-17,258844.62260959164,240
"-7",29,501764.2863887149,521
"-7",-43,279928.7646260285,211
"-7",26,572599.8053265722,627
"-7",22,509025.29256759,528
"-7",-49,287298.760465172,229
"-7",7,516584.24794548634,562
"-7",6,512665.07357969484,555
"-7",3,529230.4473289044,586
"-7",31,420873.2216750659,439
"-7",47,258303.60729059222,214
"-7",44,351780.90417843586,328
"-7",11,580550.8511877904,642
"-7",-18,292537.6591449666,286
"-7",20,561649.3840011857,606
"-7",-19,314479.44008343184,304
"-7",9,524518.493125254,572
"-7",-38,303172.0355031481,329
"-7",-48,324083.171594065,296
"-7",-6,335789.58081624634,282
"-7",-26,330889.26377666503,355
"-7",43,385023.4294922233,374
"-7",-11,323553.09249008336,314
"-7",-16,241915.6408337231,221
"-7",42,441936.5756563948,446
"-6",-27,361264.16673176456,374
"-6",-41,294901.8853222475,297
"-6",43,367183.3772440136,365
"-6",21,570294.0348760829,616
"-6",39,364632.4489798784,373
"-6",24,528349.659401818,559
"-6",29,496132.8045076783,506
"-6",-22,300845.1333231032,309
"-6",-17,257978.4259288757,222
"-6",-16,287240.643928551,293
"-6",49,302001.26253959065,286
"-6",12,556582.1223638533,595
"-6",-18,249842.00417787873,215
"-6",-44,277215.86052695557,240
"-6",-26,360273.58496765123,392
"-6",-33,328786.59949655837,322
"-6",22,560371.1440107797,603
"-6",35,312670.87090987543,312
"-6",37,345213.56206364784,351
"-6",30,486357.37160705327,503
"-6",-6,354068.52483782155,317
"-6",14,569076.2614268847,589
"-6",48,303931.21061385755,287
"-6",40,374348.4503575333,389
"-6",-37,297367.3417113232,313
"-6",46,292135.80352339783,270
"-6",-42,246219.91715902457,214
"-6",3,536929.2731876433,599
"-6",-48,325000.9208556865,299
"-6",23,558115.7531113814,597
"-6",10,545538.7887724342,589
"-6",-36,299941.2906444774,290
"-6",34,291647.62781759154,270
"-6",-34,292600.4405159003,274
"-6",-3,493250.44493861945,545
"-6",-4,439561.87285518914,445
"-6",-7,342193.8957743249,312
"-6",8,528496.0489672807,570
"-6",-21,255583.6509983901,225
"-6",-39,277395.8435224355,289
"-6",15,597666.9623866928,624
"-6",33,307437.1318132766,291
"-6",-30,324049.0217166859,275
"-6",-38,279725.5969564271,287
"-6",44,304220.80615156266,279
"-6",4,526773.8465137195,581
"-6",13,540310.4920836502,547
"-6",-20,245304.5125441768,197
"-6",1,572587.975991631,653
"-6",-14,288900.63274920586,307
"-6",-43,235471.42670256284,176
"-6",-11,332329.4624149752,348
"-6",-10,311852.6539092941,295
"-6",-28,366748.5313555647,368
"-6",-24,332459.8601423679,361
"-6",-47,326234.6135538986,292
"-6",36,344940.3581066359,367
"-6",31,440466.3363341936,452
"-6",-2,510157.3779690144,578
"-6",27,538298.8016335344,572
"-6",41,390669.48792797426,405
"-6",32,355863.6747673346,336
"-6",-12,309921.61012933834,315
"-6",18,589446.9406768318,628
"-6",6,516163.4907085226,569
"-6",-5,388360.3536570114,363
"-6",-19,254533.7549026642,219
"-6",45,275837.8945970321,247
"-6",7,515701.4602515109,557
"-6",-25,325986.2243229716,355
"-6",-46,278202.9795315807,211
"-6",25,543982.271177631,587
"-6",0,584574.0840685322,672
"-6",28,529908.0282521623,564
"-6",16,609489.9964305523,645
"-6",2,552704.989029229,629
"-6",5,515642.57868250954,566
"-6",-29,350056.83093590685,338
"-6",9,548049.2160720017,591
"-6",-40,296534.5729279284,307
"-6",-49,348925.80162698496,335
"-6",47,307092.97469705914,295
"-6",-1,567654.3631073983,659
"-6",17,628981.9944943842,681
"-6",-13,293580.79914033646,300
"-6",-8,328600.0214624902,309
"-6",26,569510.2181657176,618
"-6",-32,285523.3217228439,243
"-6",19,577509.0977542531,617
"-6",-9,304788.5174062488,277
"-6",-45,268463.7720872199,219
"-6",-15,280499.42647046014,296
"-6",11,536363.1016096604,570
"-6",20,586696.0493145074,637
"-6",-35,304235.1288285805,292
"-6",42,400052.1784072254,412
"-6",38,343952.3990344191,340
"-6",-23,305107.80733782664,316
"-6",-31,302718.6886223974,258
"-5",40,350389.50876618264,353
"-5",10,510960.9790714115,529
"-5",26,552194.3857143249,594
"-5",31,430381.0314174793,446
"-5",-6,375732.3991502816,378
"-5",27,492136.9260953786,488
"-5",2,571877.0928527698,661
"-5",6,506687.1279285502,561
"-5",0,610852.3473608992,710
"-5",-47,301052.9228490432,260
"-5",-35,317073.3862033974,320
"-5",-42,231780.55694735626,201
"-5",-45,272851.8147170353,248
"-5",25,581598.6273579056,638
"-5",30,479605.933651539,503
"-5",47,309984.7912863323,297
"-5",18,572307.0605725999,604
"-5",-22,268336.89704214345,255
"-5",35,350407.73591736733,364
"-5",-23,316777.40598190523,330
"-5",-2,542127.180976073,611
"-5",-46,294770.5016072805,251
"-5",12,535146.1761779281,563
"-5",-4,454047.4176239409,468
"-5",45,260495.00966669078,208
"-5",-40,264240.49453234125,256
"-5",-9,305911.5170847904,320
"-5",36,339782.885285924,349
"-5",-21,240258.59082845872,201
"-5",48,309649.7159114075,287
"-5",19,570537.0598972546,606
"-5",-16,261865.7540222302,255
"-5",-30,309547.07466136507,254
"-5",-24,363764.991042974,388
"-5",14,564603.350424006,575
"-5",-44,265443.27057520574,252
"-5",-34,338370.9448419779,344
"-5",-7,355126.09377323685,359
"-5",37,331709.0405815699,323
"-5",-10,322460.5394920202,331
"-5",23,556821.4461712842,604
"-5",-38,266705.5137358029,260
"-5",-19,209865.05643115673,167
"-5",-26,325356.6152143195,325
"-5",-13,288290.8765998201,283
"-5",22,543841.8942730136,578
"-5",-29,310929.6972967359,272
"-5",-3,484003.0575547599,515
"-5",28,484721.4940986062,484
"-5",38,347888.8804681272,347
"-5",39,338404.71870900376,338
"-5",49,310009.63188498956,289
"-5",-48,351021.6443895811,342
"-5",13,524487.4528256026,523
"-5",-25,371217.60419285786,398
"-5",-33,362201.7965875387,370
"-5",20,550960.9705100717,579
"-5",-18,249403.9123546481,218
"-5",15,574562.3650786073,589
"-5",33,349541.44546090934,339
"-5",-20,218078.6113359406,171
"-5",8,526106.4036414676,572
"-5",-36,302815.1138944135,303
"-5",9,516919.06011692114,540
"-5",32,378717.3886249321,367
"-5",5,518140.40927190444,580
"-5",29,477938.7112448434,474
"-5",43,316087.89444214315,288
"-5",-43,214737.73178689682,179
"-5",-27,347816.156044768,355
"-5",4,528189.6079899755,593
"-5",-1,602424.2653419051,695
"-5",-12,322580.864284347,339
"-5",-28,351428.20303811517,358
"-5",24,584213.1771500873,649
"-5",16,595699.6817065759,617
"-5",-39,274142.9746226601,266
"-5",-31,348915.0119206998,333
"-5",-8,330787.8008370152,341
"-5",7,510679.3882855611,560
"-5",21,541576.1814519127,565
"-5",-37,281916.42144116835,291
"-5",-41,253722.73666548842,241
"-5",42,357327.4301638872,351
"-5",-11,352332.5116271438,393
"-5",44,279021.7288856693,232
"-5",-49,369799.0382347407,372
"-5",11,519871.32708087657,544
"-5",-17,250428.67176726623,241
"-5",17,579145.796652333,600
"-5",3,551006.6250232909,628
"-5",1,595275.3140674109,693
"-5",-32,385546.30961950653,398
"-5",46,285813.6257226627,247
"-5",34,343675.5225474089,342
"-5",41,349649.7819428849,336
"-5",-5,451788.5196901989,475
"-5",-14,277729.1261797525,274
"-5",-15,279964.306631859,284
"-4",-21,256351.49278595,220
"-4",-9,303807.5076257073,331
"-4",28,477054.7583593331,466
"-4",-41,253481.9240384106,229
"-4",-13,295081.1427987515,295
"-4",38,326358.3569514375,305
"-4",-5,446219.51416616334,474
"-4",40,286616.95548265293,245
"-4",18,566749.1974764459,599
"-4",-22,265501.84810912417,243
"-4",45,267976.3375458789,200
"-4",10,492528.8868400025,498
"-4",-48,326410.325657167,304
"-4",41,299092.335899739,255
"-4",-4,463224.92484756204,494
"-4",-11,346712.98241216305,396
"-4",-46,306009.1899724801,283
"-4",12,552445.8826936422,581
"-4",-40,252895.2347103316,237
"-4",44,262453.7448684113,196
"-4",-2,540662.7914394331,604
"-4",-28,349779.71137842257,342
"-4",-20,229637.4334558311,183
"-4",43,271888.0828958451,233
"-4",0,579664.8920105428,677
"-4",-39,290514.0469420035,300
"-4",6,477317.21632141486,508
"-4",-30,342222.83179965784,318
"-4",8,474302.62388648296,495
"-4",-45,326947.8897639271,329
"-4",21,543989.4196494159,577
"-4",37,339036.43346868496,329
"-4",20,549494.6313695582,586
"-4",26,515679.5481872175,528
"-4",-8,332382.39302469004,367
"-4",-1,558986.34334356,632
"-4",-25,345806.02377593075,347
"-4",-35,374141.3254203141,411
"-4",-10,315802.2373894788,337
"-4",1,598915.6424339698,708
"-4",-49,387363.5467758097,408
"-4",-34,387850.01501327317,416
"-4",-14,283924.5841500661,294
"-4",48,312955.62675405934,284
"-4",32,395038.7224889658,393
"-4",-27,322572.127405445,315
"-4",31,423591.612381818,419
"-4",33,387274.06191619684,390
"-4",24,579347.9294090604,644
"-4",16,547686.0973704694,552
"-4",-19,232101.6284371881,191
"-4",23,568538.7362324679,626
"-4",-42,267981.3689095804,240
"-4",22,551859.1585331876,591
"-4",3,574528.1863279882,658
"-4",-43,276369.4865124526,257
"-4",47,299144.32136585005,270
"-4",15,546871.766633288,552
"-4",-7,375185.0494537149,405
"-4",35,354294.5957863772,352
"-4",-31,365919.69197765837,361
"-4",34,356749.97549552744,353
"-4",-44,275297.1420802214,280
"-4",46,275946.18695987074,221
"-4",36,330407.27167459304,320
"-4",4,547436.1044871763,623
"-4",14,538609.4042463502,542
"-4",17,545091.3236315219,554
"-4",-33,407204.51243209775,430
"-4",-38,297248.658754334,314
"-4",-36,361337.32198815775,390
"-4",-6,398131.0747613844,423
"-4",13,534898.0310191282,538
"-4",7,462697.5298147884,484
"-4",19,575616.985984522,627
"-4",-32,418561.25480896,443
"-4",-16,257415.20548960523,237
"-4",-26,334680.40992998,333
"-4",11,506507.5857181495,513
"-4",-17,285596.1693359714,268
"-4",49,319803.08498177654,301
"-4",-47,304750.9319138306,272
"-4",-15,253016.15469810754,246
"-4",42,280575.2482674048,249
"-4",39,316656.6388759204,294
"-4",25,574557.106983803,625
"-4",-37,316001.1995879047,332
"-4",-3,484421.1401355042,519
"-4",-12,320552.49485823687,351
"-4",2,590280.5830388649,697
"-4",5,512613.0475110033,568
"-4",-24,334399.0159580606,350
"-4",29,459517.0309467826,447
"-4",9,473600.3886512428,484
"-4",27,478787.6697965044,465
"-4",-23,299795.64592400106,308
"-4",-18,258702.58988290682,233
"-4",-29,325700.6128878279,284
"-4",30,450268.7213835119,455
"-3",-4,488144.32838846656,535
"-3",-1,571369.5401843066,662
"-3",18,570424.4123828218,616
"-3",10,498605.17098029854,513
"-3",32,384116.2297029542,372
"-3",22,568632.6154751156,622
"-3",48,310529.08228774386,272
"-3",46,290789.6807448517,233
"-3",-2,542558.1492002261,606
"-3",-45,355449.4021180742,359
"-3",-18,225832.83244951293,187
"-3",-20,240788.86992063528,191
"-3",-10,341100.80685618316,381
"-3",-44,336265.65957025805,331
"-3",2,568276.6150435063,667
"-3",33,384837.2886789338,387
"-3",-12,345670.334317552,369
"-3",-29,401444.9852056703,407
"-3",11,501736.28558767354,505
"-3",-33,396129.19370835833,409
"-3",-39,276829.8954633556,287
"-3",-28,362367.97732619825,367
"-3",-43,327129.8948866939,310
"-3",-5,420596.18495004176,427
"-3",5,507826.1072999785,549
"-3",13,535534.2851145939,536
"-3",36,325678.44913739193,303
"-3",24,582694.9586979977,647
"-3",-42,301802.19776010455,292
"-3",23,575597.6146900498,635
"-3",-35,367747.2158711657,407
"-3",21,569540.4971926783,625
"-3",-8,305327.6558234874,321
"-3",-17,219384.24859453642,183
"-3",35,348533.9547187661,340
"-3",6,485596.62425021396,511
"-3",-16,249755.61809298742,232
"-3",-6,387124.22810559586,385
"-3",45,254864.90249612913,186
"-3",17,538707.9681954263,548
"-3",44,247496.4641693144,181
"-3",34,365538.5109872088,371
"-3",-25,331613.69569100474,332
"-3",28,463508.2953163747,434
"-3",-24,332143.75167115126,338
"-3",-32,406113.6316056486,401
"-3",-31,375836.3510058757,362
"-3",16,521855.6034905303,516
"-3",-41,279372.22316825914,269
"-3",30,433442.4770522952,441
"-3",27,488994.61420963163,478
"-3",-11,353712.1501947351,396
"-3",9,472635.2755548996,479
"-3",31,420066.2608059602,442
"-3",15,500594.104137594,486
"-3",42,248020.48738339826,198
"-3",47,306057.30160525354,266
"-3",-9,294557.69428180484,321
"-3",-7,336385.7611953691,323
"-3",-36,357506.9884507755,400
"-3",1,582572.8493525223,695
"-3",39,258730.29320874444,195
"-3",-34,382130.4557236289,409
"-3",-48,330470.13725005154,315
"-3",-21,256135.80720498846,205
"-3",8,475993.63267661387,479
"-3",-3,519475.52278160764,581
"-3",-14,283130.02736830973,268
"-3",26,534193.9182726665,552
"-3",-13,315409.9679366952,313
"-3",40,243401.43595059123,169
"-3",25,545562.2118309904,582
"-3",38,270568.9530068751,217
"-3",7,475369.8461564785,497
"-3",-27,328275.361682378,320
"-3",14,513029.91365166625,495
"-3",20,570772.4181597447,622
"-3",-22,269788.57808766596,234
"-3",-47,343693.2572840519,330
"-3",29,438016.53152719175,406
"-3",-40,273482.6800908996,270
"-3",41,247928.70941743907,174
"-3",-19,224657.3305651577,179
"-3",0,584632.8597959348,693
"-3",-37,304430.5770611626,323
"-3",43,252420.8623619372,204
"-3",-30,362794.68739358993,345
"-3",4,550006.8277461467,610
"-3",-46,346854.68642858375,345
"-3",12,538122.1191452056,564
"-3",19,578177.6692152765,642
"-3",-15,255843.3518258165,231
"-3",-49,317897.2427317345,306
"-3",3,565578.2759855635,645
"-3",49,340014.79229257244,324
"-3",-26,333246.912633568,321
"-3",-38,290188.5423469754,312
"-3",-23,290905.96271830495,273
"-3",37,325421.6955769217,307
"-2",18,566661.3809265884,615
"-2",8,478156.34239480057,486
"-2",6,482096.7016295018,487
"-2",-13,277651.6919472163,262
"-2",-24,295947.89832455566,284
"-2",-21,238835.24566945306,184
"-2",22,590610.4121488999,645
"-2",-47,323995.61828026146,298
"-2",26,552010.4726229723,589
"-2",2,563096.3870089911,643
"-2",-25,336022.97320234217,345
"-2",-8,340243.40822767775,346
"-2",15,517619.0213922122,518
"-2",-26,354327.1553714366,365
"-2",27,497353.0209130307,489
"-2",-15,210148.22092064985,152
"-2",-1,600464.8214361548,702
"-2",48,347309.18775518175,328
"-2",-28,370161.3861240851,387
"-2",29,443124.86702189443,427
"-2",-30,397929.20421706286,402
"-2",-38,300028.012896202,334
"-2",-35,342442.4838451748,361
"-2",49,362160.99974305823,360
"-2",14,545768.9574606175,557
"-2",-2,578497.098745071,664
"-2",-17,196261.73551800227,137
"-2",-22,233373.21065128013,183
"-2",44,249051.61790709794,198
"-2",0,613440.7677809871,724
"-2",-4,495023.911658888,532
"-2",20,572289.2324444255,620
"-2",38,252258.9533716927,189
"-2",39,251591.97842343376,176
"-2",-42,321540.4796340021,310
"-2",32,380746.9978746643,378
"-2",24,590414.3377753593,645
"-2",-43,345969.80866755923,332
"-2",25,543831.6818349736,582
"-2",-46,334419.2546136855,318
"-2",-33,383144.68515678856,385
"-2",-31,412189.08872329927,415
"-2",-18,223202.2840675626,170
"-2",-7,345354.2533577626,329
"-2",46,287042.9602434005,224
"-2",13,502593.9523690791,490
"-2",-3,555694.7002166451,636
"-2",-29,395646.08324472053,409
"-2",11,528170.0880590171,550
"-2",-34,360926.4477602953,375
"-2",1,587399.3052421694,682
"-2",19,580918.1119076628,647
"-2",3,553555.889003225,620
"-2",-41,289908.6216160484,275
"-2",-48,294362.64540709445,251
"-2",-11,323643.09516464744,346
"-2",-5,428389.16827263497,438
"-2",10,483940.51046150725,496
"-2",-37,307679.50277821906,329
"-2",7,475292.4234158072,474
"-2",36,331338.4035718521,315
"-2",-44,376028.72617231787,369
"-2",5,504508.6464602557,522
"-2",4,534392.0870646922,571
"-2",40,239846.39481413318,163
"-2",-23,265247.705187474,238
"-2",-27,349657.18438013387,361
"-2",28,463189.2636041507,434
"-2",-6,382366.0489152384,372
"-2",33,370243.33212898293,359
"-2",31,415542.86088958033,434
"-2",9,472165.7893901247,481
"-2",34,401091.0930795586,425
"-2",-20,227273.13725156113,172
"-2",-16,190412.32968556153,126
"-2",37,281406.1344060945,238
"-2",41,236049.54994999745,161
"-2",-9,335305.7906529515,350
"-2",21,574768.9815990117,623
"-2",12,506128.70555486967,504
"-2",43,249390.2897065743,202
"-2",-12,316324.3181716484,333
"-2",-40,283922.23166100134,290
"-2",17,530959.137880732,541
"-2",23,580180.8121623372,626
"-2",-10,319543.43271394,331
"-2",30,421953.50755617773,418
"-2",-39,282251.26706651575,302
"-2",-45,384231.13757311663,392
"-2",-32,424447.0334637631,422
"-2",-19,217240.58615047392,168
"-2",45,250527.5926139864,176
"-2",42,237654.1828280283,182
"-2",16,519898.96615931933,519
"-2",35,349602.4279874591,352
"-2",47,306140.3889222388,263
"-2",-36,319462.8480273473,339
"-2",-14,227302.32251002657,173
"-2",-49,316748.7686843854,278
"-1",-17,196276.94774966015,133
"-1",-25,305736.9466207845,294
"-1",-19,232405.52199329602,178
"-1",-20,226120.99675664227,162
"-1",-15,181831.97955671328,123
"-1",33,321287.60508290946,280
"-1",-12,292433.7039010646,283
"-1",46,256761.14855900483,182
"-1",-44,352195.2241382704,332
"-1",-5,458634.66935334285,471
"-1",-14,199094.60773199526,147
"-1",-11,310536.39475940797,303
"-1",41,301622.5014026708,249
"-1",25,567565.075151197,624
"-1",-45,372866.72650602704,365
"-1",-42,336266.37709169544,339
"-1",17,543666.5362115193,563
"-1",49,328102.60052404023,312
"-1",-47,302891.9978538952,245
"-1",12,527036.8906217485,554
"-1",11,504999.9899249476,521
"-1",48,323479.8873872088,295
"-1",-33,399858.2266148915,400
"-1",-31,447880.8396091478,480
"-1",39,300579.9479341943,244
"-1",-36,313646.8811237957,331
"-1",-6,417092.77373293217,410
"-1",-37,302981.83109950065,334
"-1",-30,425297.00991740474,456
"-1",-43,354437.85638968577,332
"-1",-28,373236.02458237804,409
"-1",21,591523.2876676052,637
"-1",45,246792.88344184216,171
"-1",-18,213296.360342035,147
"-1",-40,298920.56555235357,298
"-1",34,369858.6963684312,369
"-1",15,529005.5855742095,545
"-1",43,300600.6006321496,273
"-1",5,540131.3883637441,579
"-1",47,305599.3496224888,254
"-1",7,511311.38565633626,517
"-1",-2,605626.3419040544,706
"-1",-8,348577.2958450208,344
"-1",19,584262.1178813302,639
"-1",22,598297.6020383819,641
"-1",10,497303.4508398906,514
"-1",-23,233512.38257230312,207
"-1",-49,311579.02599267976,274
"-1",8,510543.44756539294,531
"-1",-4,527630.2307589436,578
"-1",36,323015.52052871534,295
"-1",9,508111.1729497772,537
"-1",28,475111.6453589339,470
"-1",-10,318859.2080875353,299
"-1",0,619446.3097739931,727
"-1",2,552806.7876989695,630
"-1",40,289812.59704696597,222
"-1",-46,345337.5826847899,319
"-1",-29,424065.50739054655,468
"-1",-3,559955.7991417443,627
"-1",42,304806.51338931924,276
"-1",-35,328987.0195771889,327
"-1",-9,336598.66528455267,326
"-1",31,362060.21560081665,353
"-1",-27,356402.96838658466,381
"-1",-16,188105.94790249193,121
"-1",-21,225320.87949237117,164
"-1",-39,299985.5624001245,316
"-1",37,298430.5188298541,241
"-1",23,565827.2746971772,593
"-1",-38,303901.4805774918,341
"-1",24,578244.5067888207,622
"-1",3,533072.1994249611,598
"-1",44,257467.3060544494,213
"-1",27,537431.3633761486,564
"-1",-32,428720.12409183243,436
"-1",-26,336414.4083671193,348
"-1",-1,599634.4089255591,696
"-1",35,366665.540730167,369
"-1",1,566942.4316883859,642
"-1",26,561239.2438951387,601
"-1",18,572029.9333622546,620
"-1",13,491663.0036727504,491
"-1",29,432235.7965200023,414
"-1",-48,297286.0997533722,256
"-1",16,571208.5635944203,610
"-1",4,505701.69549951237,537
"-1",-34,359062.648352579,362
"-1",38,310546.62624533544,250
"-1",-7,392474.5269834676,389
"-1",32,339699.6437655512,323
"-1",-22,225732.01398626075,182
"-1",20,585939.9806436987,634
"-1",30,385777.8682306831,365
"-1",6,509352.68477147317,521
"-1",14,485803.7671937587,478
"-1",-41,313177.23939749977,309
"-1",-24,256311.14045698592,236
"-1",-13,250668.18572654316,233
0,-40,315233.1417848942,328
0,40,335973.98066980747,290
0,32,320709.7923009266,308
0,-2,597249.7726747462,687
0,-32,431776.89080651687,450
0,17,594258.3329827941,647
0,-16,196220.62472326984,137
0,8,520567.68200447626,548
0,7,507633.72132665786,524
0,-3,566937.1031566435,641
0,4,508851.6152924918,551
0,39,319824.2364011083,266
0,38,304033.4944479981,244
0,-15,200891.90549379613,153
0,-46,320854.2456477808,274
0,-19,242818.61896092488,188
0,50,371973.798010154,392
0,45,273603.3989267499,210
0,34,305633.9482845577,284
0,44,271662.9015416893,213
0,10,560471.4743203858,612
0,-41,303483.7150606782,299
0,-27,304722.40543997084,292
0,48,351341.85740704765,351
0,9,516982.2805779046,545
0,-17,208593.30909241727,141
0,3,524493.0694801245,586
0,-13,227759.94084700424,184
0,31,346215.34931084886,325
0,-11,261732.3345518797,230
0,24,615138.8366084213,676
0,-21,239433.48263112502,200
0,37,297311.07055095665,235
0,-36,322699.55345856963,345
0,-5,431663.9348930343,431
0,25,575575.4365322603,633
0,-44,369297.120126941,361
0,-50,275691.3877638208,229
0,1,551370.6200498325,614
0,-30,447281.7608546072,484
0,-20,252838.63075052464,206
0,14,523007.2061432204,535
0,5,534769.4583418752,576
0,-22,224193.4686768843,178
0,-7,402571.5423968485,414
0,13,551448.3439331285,574
0,23,602414.4699733005,646
0,-1,588490.9443369108,665
0,-49,284284.9243879515,256
0,11,575951.0340053571,634
0,-37,316207.0716704682,352
0,36,293572.4552160831,250
0,2,551563.8003174525,617
0,-43,342152.02560368995,333
0,-24,193623.62825587884,142
0,-8,371584.0119215559,377
0,6,512489.59833163803,529
0,29,456651.94275902404,445
0,-4,536476.9669388981,588
0,33,306505.22388948756,280
0,-29,453446.25622319366,504
0,-35,349383.7968860951,354
0,27,547485.6576414773,583
0,28,495400.7533045999,509
0,18,601348.3807079043,661
0,35,293433.901795995,268
0,26,563203.9605045505,607
0,20,598737.9271101292,648
0,-12,258869.15919946742,222
0,16,550251.6257928798,584
0,-38,311468.17740707635,345
0,-25,220136.29809603782,176
0,-47,290616.9984367261,233
0,-34,381288.6544878538,382
0,41,335667.64748057316,289
0,-14,215654.65842830038,164
0,12,623677.1537199123,710
0,-48,298333.8246359205,268
0,-23,202457.64839972885,155
0,-26,249248.76262898822,213
0,-42,341435.75417057495,346
0,15,513664.86918340146,520
0,-31,423490.5137193584,441
0,47,345793.96120657853,314
0,49,361649.7340203204,377
0,19,581394.1084402492,623
0,42,327974.90728748677,303
0,22,586048.3496808847,619
0,21,610419.8782872972,661
0,-6,424974.35241773044,433
0,-28,365894.3093310353,378
0,-9,330596.2194496321,323
0,-45,361448.9835852346,337
0,46,319200.1242076795,264
0,43,294253.0689375627,262
0,-10,306221.83026105305,292
0,-39,311446.69874558575,338
0,0,559482.4440287708,625
0,-18,243169.86124097722,184
0,30,379476.6163905317,350
0,-33,432304.2094046946,455
1,-34,357294.3375270361,355
1,42,325005.64716090326,288
1,22,617687.2264095765,669
1,-3,569449.9120361371,657
1,-4,528267.6717113773,584
1,10,540087.1359221891,585
1,-31,383059.81323905435,378
1,-24,210466.4736007314,150
1,-22,231266.2669073759,183
1,-15,231655.1332329861,187
1,46,360786.8228767317,311
1,38,257012.36905114606,183
1,-27,312145.8215518327,294
1,-41,288055.19049817545,275
1,3,522096.07593886956,572
1,16,579136.4741491366,626
1,21,627873.762838864,687
1,20,670518.8083064316,750
1,-32,385920.7622522729,381
1,15,553716.9940792673,582
1,-48,288532.9909506403,242
1,35,277309.56339888903,255
1,-17,221338.54544255696,163
1,34,290980.2278955836,254
1,-2,582345.7487811445,676
1,-38,338570.44607243733,367
1,-42,308955.80286223366,308
1,-18,229238.24817052198,189
1,14,554706.6100613216,586
1,-8,349991.7316425859,378
1,-25,221355.12991408329,173
1,25,602602.4062237948,659
1,-20,248697.93614454792,207
1,28,483862.9985413995,496
1,44,300697.29497820017,225
1,39,281043.67221263534,211
1,-11,230763.38376568686,178
1,2,545675.8994374513,602
1,31,365692.27829633304,360
1,-1,560001.3433671043,628
1,-16,226666.22139336477,179
1,45,338942.33028951345,275
1,-35,340064.72018103383,340
1,17,620596.3524403902,688
1,-47,303600.0151586497,261
1,29,465003.46669371496,474
1,-7,383131.0207781984,424
1,-9,325608.09549699497,334
1,-33,361869.43069929996,348
1,-45,369024.4741723121,350
1,26,571699.7262073639,627
1,18,619255.6325454043,679
1,24,628427.7730828954,690
1,-23,217084.80957761462,168
1,5,506057.28141139797,546
1,-6,406592.7363394125,424
1,-36,339387.8577718612,358
1,-14,205743.9229518113,147
1,-46,338991.938833507,297
1,19,643676.333172674,710
1,33,301745.42844061664,274
1,40,336186.3666039218,293
1,7,509340.7824568118,527
1,-29,379210.46769456845,385
1,-19,253896.10745144184,214
1,11,607555.7983135849,685
1,-44,392231.57881309756,395
1,-49,300120.2803340016,269
1,30,407873.4286805293,405
1,4,538176.689060901,593
1,-30,410428.53860364016,430
1,-39,324587.7939433709,341
1,1,540067.8388337217,593
1,48,382865.32539493917,390
1,36,283717.4618620281,259
1,-12,216673.16546390316,160
1,0,541688.9252691781,596
1,37,270194.8741881876,217
1,43,310601.8835512296,261
1,13,596221.360433275,648
1,-26,260635.9429202487,215
1,-13,200966.24588316274,146
1,-10,262787.86739593523,232
1,32,324332.75429497124,303
1,-28,352291.90559891745,353
1,-5,425811.415923606,440
1,-37,336966.47875652835,357
1,27,518008.7044415641,541
1,47,362555.07230748946,335
1,23,617203.5494136648,662
1,49,398368.40312498645,434
1,-40,304250.0217692782,305
1,-21,249573.9439132464,192
1,12,628187.1197596878,714
1,6,505435.6827321386,526
1,9,509875.04665518424,541
1,8,509224.76508724724,537
1,-43,364747.6758950836,378
1,41,331896.51774077886,277
2,-2,562214.0914825085,653
2,7,513832.9557029932,539
2,20,682497.6737501259,782
2,26,554079.024070726,599
2,-14,215020.0584438154,156
2,-29,348349.80473838496,348
2,-37,276256.3471855017,241
2,46,390369.5068902592,366
2,-19,273004.17597919796,248
2,4,513518.2339031941,557
2,-1,551382.5447669629,630
2,36,300254.00840553944,274
2,-8,322364.3044821027,362
2,-27,299631.2634277424,302
2,33,336773.2406609605,310
2,10,545319.3389811233,594
2,25,620246.0042460754,690
2,-22,207647.30913196606,142
2,-38,291706.32530196407,292
2,-18,266838.4253192864,242
2,-25,212880.89276467075,176
2,-48,307595.8748441411,268
2,18,629466.3524656198,692
2,-35,297847.29295687156,277
2,-7,337428.60632725083,379
2,45,372712.13578377105,339
2,-20,241821.5943373704,192
2,-40,262663.4173334073,247
2,-28,351538.8395070081,364
2,28,477251.6621342721,492
2,48,409381.6218929864,432
2,-12,190001.07708793925,135
2,29,458333.0094427782,476
2,-3,542557.41400486,621
2,24,635771.014704118,696
2,-36,285330.46741100634,255
2,1,539041.197898046,597
2,31,401288.2741092503,395
2,-4,519871.60149488744,584
2,-42,323102.4248117129,342
2,-32,291793.5454834199,241
2,39,290650.5558215942,227
2,37,277491.77732293395,231
2,43,336442.38957559754,301
2,5,506517.56936665974,559
2,-26,251138.78780269096,234
2,21,662464.4496340732,740
2,44,339201.04704610317,294
2,13,617952.0204096988,686
2,11,584913.0036087254,648
2,42,355577.3160577554,342
2,-34,291433.70479835116,255
2,27,501565.0543473971,530
2,-6,382782.5646287929,421
2,-39,265475.72446580406,249
2,17,614207.1567530935,673
2,-46,401503.7327584527,418
2,-10,251723.57905528106,243
2,19,665743.0796919691,747
2,-31,350745.37725699984,338
2,22,663305.730628318,741
2,15,556132.3792738753,592
2,2,548892.4600952817,614
2,32,359762.92485045356,344
2,0,546580.8815299635,613
2,-24,199140.66774029974,162
2,9,518493.46500236134,560
2,34,323788.2488035415,289
2,-15,221400.68104875597,173
2,-30,367749.3583182046,365
2,41,364609.9723475712,334
2,14,569827.4434457655,610
2,-33,292504.98522383755,237
2,3,539626.6167950819,604
2,35,303628.14226828696,276
2,23,646435.8740586062,704
2,-17,229497.38885351614,193
2,12,625740.6691006214,713
2,-44,361803.3976258334,373
2,-5,468890.9019979212,530
2,-13,213081.34666672928,144
2,-45,378123.79831575253,386
2,-41,266247.0019240482,247
2,-21,230508.67653694272,165
2,40,351465.42958573747,316
2,6,507238.9962172415,541
2,-47,346585.5929426036,336
2,16,574646.4567585684,622
2,47,396799.2660798784,385
2,-43,342320.9969720424,349
2,-11,205796.94462384225,155
2,49,429778.76060154015,471
2,-9,300752.52106071427,317
2,38,263129.56412941916,189
2,-23,189249.02470854938,143
2,8,509476.9975528221,538
2,-49,337289.64360860473,319
2,30,445634.20120341034,468
2,-16,217142.89689756706,170
3,28,456480.5653520337,465
3,-36,319645.30867548735,301
3,-25,221146.29075824362,201
3,-6,392021.89324429707,454
3,42,343262.32604322734,312
3,46,387901.0321314861,373
3,26,558639.7667894585,608
3,10,543879.6498697019,589
3,6,515521.8269344833,557
3,31,389387.11739869596,386
3,-33,307758.05903164594,263
3,-16,233803.87620463673,196
3,-12,204129.30214785773,158
3,-34,285598.2676453696,239
3,5,516573.8288939163,573
3,20,662953.0405232533,755
3,-7,339933.7448420709,402
3,-11,245358.8855742617,231
3,-29,337622.6419396531,340
3,-21,204219.49060469202,141
3,35,323570.90237140056,308
3,-22,201279.5110242245,147
3,30,402803.89783668274,398
3,-1,545030.2458073673,622
3,25,632271.121496257,704
3,3,550330.6349219958,616
3,-35,297082.1386675453,267
3,12,603781.044990142,677
3,-19,274845.36869599606,244
3,-18,293704.6932537216,280
3,-20,244193.86801639487,195
3,-2,538482.0456696865,615
3,-48,390696.8458953567,391
3,-28,336100.18689204927,353
3,48,415299.4684368988,441
3,-26,274177.794473102,285
3,0,539988.628195721,603
3,-24,214142.69178156732,172
3,21,659992.0110130529,748
3,-9,304491.14777979266,326
3,-42,277082.09030495235,285
3,22,660295.0545714512,735
3,-17,245425.7589994208,212
3,41,348911.50485354953,318
3,34,322956.24994231144,307
3,-14,216285.0444797674,147
3,4,517895.5216068501,568
3,-32,315194.0916131787,278
3,11,573684.8365689707,625
3,32,340582.2925200944,324
3,1,546932.6190633607,609
3,15,566415.7247795414,605
3,40,327986.8761180625,280
3,-8,325541.0253438539,375
3,43,327839.0159302473,272
3,7,521844.66225902416,553
3,-38,279045.8756798073,253
3,23,652696.4698248402,718
3,-47,426267.335268823,454
3,16,576219.4530347666,619
3,39,320353.15730913024,275
3,-4,493404.9351871996,549
3,-5,445223.91905438906,501
3,-40,240361.61467955264,211
3,29,421901.44758859626,425
3,-41,266901.8405077578,258
3,-10,250097.34786218716,246
3,14,585388.0774398565,635
3,44,322013.9298382583,266
3,49,436380.1296342794,467
3,-46,426935.96550687315,465
3,-39,250943.93801290172,237
3,-45,395757.6188332169,418
3,17,609189.3798814642,664
3,-31,327714.8068830897,308
3,33,319569.5076726533,304
3,-49,355951.0121401091,343
3,45,377931.4501489362,351
3,37,287798.9282425908,248
3,38,292666.44218773383,250
3,47,393964.1311480559,397
3,9,535251.7262870723,582
3,-23,205186.67134287677,146
3,18,613857.1934391144,668
3,8,530978.0067841749,567
3,-30,338751.09782000614,336
3,24,639940.9655670166,697
3,2,571096.4035018221,646
3,36,296281.13427938643,266
3,-43,301835.08826635196,320
3,-27,311885.15147529106,329
3,-37,331941.2573256333,322
3,27,511445.06396386545,554
3,-44,383229.57473528024,411
3,13,597601.7022634391,658
3,19,651846.638021378,733
3,-15,225594.34126185227,169
3,-3,533010.2302430449,600
3,-13,218551.26829457178,160
4,40,274500.5667002622,209
4,22,630188.9889153336,685
4,-21,201719.5627337123,159
4,-15,236504.50400776655,185
4,-33,347395.19050430786,325
4,-16,262342.1133645909,220
4,-38,287106.32728753204,266
4,49,446674.483848262,484
4,20,641434.3063751619,725
4,15,557963.1209065721,592
4,32,385466.1590148047,394
4,8,547100.3306516244,599
4,-25,256045.92701052793,252
4,38,297893.1612442319,250
4,-5,424147.8036955167,459
4,-24,233829.1437586533,202
4,-27,296564.35872590716,298
4,39,274856.0854698049,203
4,21,629511.126815846,702
4,-22,202919.69481533766,165
4,-45,373352.2066457325,406
4,47,413366.7497323093,419
4,-28,315695.8572417683,316
4,14,560183.2989779493,597
4,30,413967.1345277814,414
4,-4,470290.2333428465,505
4,28,460094.21338403394,467
4,-44,344753.4264446807,377
4,11,572400.841875939,631
4,34,374284.4276122783,384
4,0,546630.639919137,609
4,27,514626.68571613776,555
4,33,386453.75366434397,411
4,-26,267216.57294854533,266
4,-7,356147.12804762146,404
4,13,566453.3592069539,611
4,-12,263848.5799305335,246
4,5,542398.330211841,607
4,-17,309978.3462749652,285
4,26,590106.9678941508,646
4,17,560713.4182728506,596
4,48,446378.4140367071,492
4,4,532840.5115418222,583
4,-43,304988.6229985526,303
4,24,613309.3100523092,656
4,23,611590.5964735096,653
4,-10,276546.0697174794,277
4,7,535095.5630719594,584
4,-35,334871.02099091286,309
4,46,397605.8641435314,385
4,-37,314502.8061613798,307
4,-2,511877.9685420254,548
4,-6,377773.62083656923,425
4,-48,405420.6362026681,430
4,-14,211489.74240821242,156
4,-40,281300.8459506936,273
4,42,292629.1963457952,228
4,-18,309973.17738639395,275
4,-42,284199.6244265826,278
4,41,300283.88628099195,245
4,-30,328665.2360790242,322
4,-36,314853.45467805304,289
4,-13,216686.19235214894,155
4,-31,310953.5185913294,285
4,-20,236606.3610338276,200
4,1,585383.1544088386,667
4,18,602363.924696487,666
4,2,607829.9635355305,699
4,35,369467.1323794843,375
4,-23,222045.7812422377,178
4,6,546185.8486489514,605
4,44,350518.2823948548,308
4,29,433298.4709018264,436
4,-41,281506.2211258497,268
4,43,307834.3422836511,236
4,25,638070.5000406926,713
4,10,554772.0909654881,601
4,9,545037.4611274953,588
4,-19,272827.4804721988,248
4,12,576651.3268724711,635
4,19,631773.9287441827,698
4,-32,319578.0587182995,274
4,-8,342783.93688412284,384
4,-3,498897.31977142126,530
4,-29,320994.9761202647,322
4,37,294238.31286147475,267
4,-11,271024.7686536415,271
4,-34,344952.7227084791,319
4,16,568629.9055216939,608
4,-47,429078.8153278645,481
4,-46,419162.8866716636,469
4,45,362711.48739146994,327
4,-49,368522.3972817453,371
4,36,321099.08551766654,293
4,-1,533048.3496691211,605
4,31,401246.71049273986,403
4,3,574741.2869667824,635
4,-39,290115.51530333655,280
4,-9,306191.6407760982,311
5,-20,278282.2955859199,267
5,40,279229.35245426436,215
5,-3,485692.7468802061,524
5,-10,262320.77079385344,249
5,-18,313198.3260602499,297
5,-48,396687.4459923719,430
5,7,548624.5068795406,607
5,-49,340833.90122872166,320
5,21,584540.3058758442,625
5,-5,389945.5758409948,390
5,-35,307943.01952475397,277
5,39,278298.05821737635,223
5,-32,325191.6300032027,279
5,-24,222250.71837097043,185
5,-16,300216.8893644548,288
5,-21,253305.27645214403,243
5,41,291360.9584334136,212
5,-31,293916.9260127058,252
5,-2,496448.1460508631,530
5,-9,273039.68920047436,272
5,14,512663.83302856,543
5,-28,310486.1433132362,296
5,23,619237.4924795076,676
5,4,592732.7458167742,677
5,35,396558.39334153285,413
5,5,562894.094905897,640
5,17,507597.9405492568,525
5,22,593008.3673139828,644
5,-27,280522.3168443323,270
5,37,299028.66696986364,260
5,34,429910.9079046465,464
5,-36,262982.2471679922,224
5,30,421774.69954769267,429
5,-47,427091.0939867628,471
5,-6,356914.228222657,365
5,-40,266226.9501572645,251
5,-38,312337.3297832007,304
5,11,517751.80457908596,544
5,-30,308133.65785315476,290
5,49,486388.20863845956,545
5,1,595383.029848768,673
5,-17,306487.5630239145,283
5,-1,518269.7691957448,557
5,45,388511.35441439284,361
5,-46,384449.3092879802,413
5,-7,361412.18247486715,396
5,31,432539.9877343124,462
5,33,411918.2520814678,434
5,36,323335.9981430063,296
5,-4,442215.1787647936,461
5,13,532444.8464905701,567
5,-25,240109.4940067547,223
5,-13,249436.2811311905,217
5,2,586442.6822053753,669
5,-11,258800.4908767702,244
5,18,587871.7104922415,650
5,15,510185.30218457634,541
5,-45,380724.7135095905,426
5,-42,271988.39792102575,250
5,29,440522.75508500246,431
5,-41,250477.0649058309,220
5,-44,344296.6029629543,368
5,-34,356037.4123286566,338
5,3,584830.1647952758,675
5,47,441910.5747313184,474
5,-23,202701.1048800196,157
5,-43,317404.8934122578,319
5,-37,271486.94156115485,242
5,-19,319231.12259503425,307
5,-29,320143.7307700249,308
5,32,437297.6732219364,468
5,42,288762.46223079576,209
5,10,529201.8927472897,563
5,46,409294.50002678623,406
5,28,469303.7986245328,469
5,48,476590.270002837,540
5,-22,209297.55790040718,175
5,-33,360884.8471851248,343
5,20,601221.1767318243,660
5,38,289275.1268156894,237
5,-12,254874.4039726667,216
5,24,618819.7873948301,671
5,25,644719.4603254432,714
5,26,595934.521588451,644
5,19,604475.0496866533,665
5,0,545778.6889795674,596
5,6,565304.8072306565,641
5,-14,228817.99113310623,183
5,44,364327.36533363897,335
5,8,538308.2288217751,590
5,12,525718.6445548022,556
5,-26,267980.4706008265,267
5,-15,261016.2565429901,233
5,-39,273891.33563876204,249
5,-8,323313.9225831817,358
5,9,546001.9429385301,586
5,43,321627.97292797914,265
5,27,514655.65679210506,538
5,16,495137.7222210254,514
6,-25,227528.99745417002,211
6,21,590800.6759213441,636
6,-4,415050.7898103738,437
6,-43,314573.61682476255,321
6,33,398760.50991315505,424
6,-15,271145.40638572583,259
6,-47,408007.1798917126,439
6,18,528883.0008188487,563
6,38,312146.0116568,252
6,7,567281.8100677918,632
6,-45,368275.5047886885,391
6,-44,352349.33899980347,368
6,-1,505548.65817931714,539
6,-27,267031.1500854986,256
6,-30,299673.3037161169,274
6,-7,335397.3627906161,348
6,-23,246268.965647213,226
6,8,573242.9711760468,633
6,16,487838.2082883757,511
6,6,581624.526567466,656
6,12,523785.4658835692,564
6,-18,310876.81527538877,306
6,-22,270138.16462701815,257
6,28,517681.482399403,544
6,-17,288190.3687910996,288
6,-8,322349.1407760222,324
6,31,454345.8517654539,493
6,-37,262862.9033235533,241
6,9,559263.7608123908,604
6,49,473627.7540466745,523
6,-26,242372.37251144828,228
6,5,624976.2879548059,729
6,-33,367046.8340279708,362
6,-9,272657.1874318972,264
6,-5,368703.09075343085,369
6,26,576428.5081497784,615
6,24,603579.1985209789,653
6,-11,264917.4525254904,240
6,-29,341226.4415551116,326
6,-16,271741.9012375519,265
6,-49,357940.9170878405,341
6,-34,355645.4765119763,341
6,40,267391.71465310676,191
6,36,310941.6231021739,280
6,43,320716.35826283286,266
6,-48,383031.7568566629,388
6,1,559935.3438304396,615
6,-35,322882.6688712573,304
6,27,545188.565241354,582
6,3,594581.7469808272,676
6,2,596475.217448587,681
6,11,527505.0284475365,559
6,17,491282.8759818379,493
6,-46,389252.0151563045,412
6,23,623173.6260715445,689
6,22,598641.0488941356,658
6,-3,464487.68471921684,497
6,29,505982.14329178544,532
6,-2,488962.4152278329,522
6,-13,266697.9139210042,237
6,48,430375.82930690394,462
6,45,380892.93924320664,359
6,-28,287096.3922007969,258
6,39,289051.9215405807,218
6,34,384347.22090510564,414
6,4,600772.2679784495,677
6,-6,334486.192496746,323
6,25,594526.653138451,639
6,46,410057.0319646632,416
6,-24,238135.48160563118,220
6,14,491659.7627834419,523
6,-21,279741.53802602045,269
6,41,269086.90767306736,205
6,19,543494.5927983224,583
6,-41,250959.92253326275,218
6,0,537557.6164157909,574
6,44,356190.784908145,321
6,20,564839.405307467,610
6,42,303678.0686228059,233
6,13,503073.0960243019,526
6,-14,294780.817083982,279
6,-31,303544.0659467796,275
6,32,427941.92225468677,462
6,-12,254462.62534955094,222
6,-39,260067.19767512174,220
6,-36,254324.76591411637,226
6,-40,257190.66301397933,228
6,-10,257487.4726699324,241
6,-38,284703.3032886301,266
6,-19,321380.2476482393,328
6,35,337150.6216869551,340
6,-20,326991.75502657477,345
6,-32,326083.6303508375,298
6,37,326598.2704052844,299
6,15,487167.47922490333,516
6,-42,269282.56561345013,246
6,30,482391.6333739297,510
6,10,542551.449350479,571
6,47,425894.10643142083,458
7,16,476994.0979426232,493
7,-43,325766.22708674887,328
7,-40,240683.96848321447,209
7,-24,265190.15163941367,252
7,-45,377427.0452547236,405
7,25,610032.2460069556,661
7,23,614052.4434747016,684
7,37,342432.51110036956,320
7,-25,239334.3038141563,213
7,33,353948.5344211717,365
7,-15,250320.08462302707,232
7,9,588625.5544426952,641
7,47,428309.5334192942,461
7,-36,257967.61883083044,227
7,7,626374.903855852,705
7,22,612551.9610488617,678
7,-22,262684.701798807,257
7,-4,421213.3373534737,446
7,29,487492.72258522845,511
7,-10,270086.47124388395,238
7,-49,366207.5372852089,360
7,28,554719.587322083,595
7,-6,307631.40341424674,298
7,45,389607.98274236405,386
7,-41,251755.79311485126,210
7,6,599698.481465548,660
7,26,600394.623011721,638
7,43,308116.0847581963,240
7,-9,276352.8428416866,250
7,5,641216.2143672799,726
7,3,618591.182764608,709
7,39,284820.421978917,220
7,-46,369001.4473789964,377
7,-3,478159.38681529433,517
7,34,362029.4004448517,378
7,-16,263389.97626427474,265
7,-2,489968.77413622476,535
7,24,616628.7838568357,675
7,-42,290162.3349082216,272
7,1,566233.1061689642,631
7,36,317996.089215142,279
7,-1,502276.5401415857,537
7,-27,276079.2880809221,259
7,2,607565.9346096595,702
7,42,332073.3774320765,275
7,0,526601.8663923154,560
7,-21,304083.0145181271,323
7,-20,289849.25741323514,288
7,40,269575.4740937445,191
7,-28,300657.6588351065,262
7,-7,277416.76915226236,260
7,12,506958.08530251385,528
7,-38,266702.71037374204,251
7,-26,257576.23810937363,238
7,15,490716.21244127135,522
7,14,485816.21845843433,513
7,32,405076.1630596114,427
7,11,521770.6627760637,548
7,-29,313904.37586593314,277
7,41,285642.3573270827,208
7,17,479572.63452036725,495
7,44,340498.7883486161,304
7,-13,258697.3576597355,223
7,4,624976.719739337,697
7,8,593091.1203057616,651
7,-47,367315.40429087926,374
7,-18,282393.7233097087,279
7,-34,335857.96190712,322
7,-5,342455.4706926898,337
7,46,408814.7835752945,422
7,-23,250454.99214081475,234
7,-39,243295.45312609826,209
7,19,525001.4115745948,571
7,-35,309034.2329976969,289
7,49,422737.9816949938,447
7,35,323209.1905608505,314
7,20,560683.4186572795,608
7,48,429057.7984529752,459
7,-12,286609.67377636477,262
7,-32,332165.4687627975,308
7,13,493370.028799104,515
7,38,345805.1397262321,311
7,-48,385572.54183078214,397
7,-8,262057.914591298,229
7,27,604124.1817505106,656
7,-37,254769.47611343162,229
7,31,429657.24093518214,460
7,30,458168.5896116133,489
7,-30,332937.69238127355,304
7,-44,354180.84026330576,366
7,-17,270676.6051352488,263
7,-33,348776.2081119724,334
7,18,476153.9527108078,492
7,10,570325.1810831001,613
7,-19,298160.01047116134,295
7,-11,262986.327216945,227
7,21,576628.9416659094,620
7,-14,244341.20315697146,212
7,-31,336712.4917896173,317
8,47,429535.1858681082,464
8,25,652415.0036185445,713
8,-7,223456.72618159046,192
8,43,318286.329787571,247
8,39,308619.9288141221,259
8,-1,548893.63125053,604
8,7,591956.7016933553,636
8,-48,387947.1167764221,403
8,-45,339033.4676209962,337
8,-43,354299.0897912413,354
8,17,476970.66814697935,498
8,36,321243.92206084996,279
8,13,486807.4785107315,504
8,-10,267237.54300890537,243
8,-18,234568.34092122607,211
8,-19,263821.5398204882,249
8,-47,350553.155958331,344
8,12,545548.221407475,586
8,-15,239825.49335768493,228
8,-26,278841.16126434057,228
8,19,521756.526363851,575
8,9,583414.3113547344,633
8,-27,301686.17832640745,258
8,30,468128.43457586726,489
8,-24,263250.2704906482,258
8,-20,256711.27118047953,238
8,-38,256879.06541060403,252
8,-42,324704.30595273816,321
8,20,563473.4699011612,618
8,37,347533.364934026,327
8,35,319217.51668009505,297
8,28,522397.46465813124,547
8,-23,272508.7623850535,275
8,21,588258.1362705397,639
8,-22,239735.4557425691,220
8,46,450986.48886882217,489
8,4,628192.7278739655,700
8,49,410007.5842468661,440
8,-4,404163.33207191183,421
8,-32,316227.2907964548,274
8,-12,249669.78444483058,202
8,11,544326.9508687377,586
8,38,317975.7684121927,279
8,0,536885.6965413801,588
8,-49,403051.972258953,437
8,-25,288267.2759799068,269
8,-17,234890.43130077783,224
8,18,464192.4154682788,492
8,40,310386.2471648819,261
8,-2,510782.6108867157,556
8,-37,240512.12395871317,205
8,41,355090.2847670548,315
8,-36,246873.30146019266,186
8,24,628074.7945299163,692
8,23,605375.8876654534,665
8,-40,245602.80979566573,208
8,31,428337.1753116063,443
8,-16,255102.9525578184,265
8,26,658845.1970960556,716
8,45,425810.93395246106,446
8,34,310340.11722920317,288
8,5,573948.2933662974,609
8,-13,249441.8723560424,209
8,-30,361319.01982176217,351
8,1,563934.7914686791,625
8,44,351532.77634955215,308
8,-8,243940.03215654937,210
8,48,435011.5455120464,477
8,-6,258544.3117550052,246
8,14,493144.3654955511,522
8,-21,215595.78430114652,183
8,-33,309584.3653681337,264
8,-11,247675.92894898186,205
8,10,552517.5440031723,589
8,22,593357.4076252906,646
8,-29,322115.2099021389,283
8,27,581536.8836719424,617
8,15,483141.32130899036,505
8,42,317992.0420660814,242
8,-39,237464.89230491006,215
8,6,607516.6813001183,660
8,2,593849.6615227334,671
8,-3,473022.1475722637,509
8,-35,280836.4215566213,227
8,-5,350640.6247156664,362
8,16,470273.86671104294,489
8,-28,299569.29963012383,251
8,3,618780.493689431,705
8,-46,347560.9398364846,342
8,-9,250351.68152981874,212
8,33,322487.20123776636,303
8,-34,310916.8009575884,269
8,8,602763.6732789061,653
8,-44,343331.70063647523,328
8,32,355502.4794945189,350
8,-31,356471.92580487207,338
8,29,488797.14666287304,507
8,-41,258193.2465372875,216
8,-14,241514.46252010207,223
9,-42,334934.9944351072,342
9,-45,363213.5793682566,371
9,-20,226680.7874404128,190
9,-33,292985.59083799575,233
9,-3,445279.52950080956,463
9,24,635019.3172106941,688
9,39,320813.6424316521,274
9,45,422175.1296834231,442
9,25,657407.6712504189,722
9,-38,209389.71811775977,175
9,0,528939.5586562022,572
9,27,603187.2480953234,653
9,-15,229049.49036105728,205
9,29,518658.90388777107,548
9,-16,211396.77600262666,186
9,9,568855.988359479,604
9,-14,240182.35353899995,209
9,48,462534.6982660748,514
9,-18,216875.59725400564,185
9,-6,237648.33217062955,192
9,-32,315579.8744227543,261
9,-2,492856.83897216123,525
9,44,391280.42706000974,385
9,-36,212571.86858881547,143
9,-31,355776.8256463574,336
9,-7,211255.48547726398,175
9,21,597949.8278916903,658
9,-43,353400.83508852625,349
9,-24,276656.7826107911,252
9,2,595404.85761845,665
9,23,622845.1233518504,682
9,38,322290.6190753048,273
9,-23,256052.12493261643,233
9,32,355540.99307799217,326
9,-49,451605.14439673774,522
9,47,472670.12899297394,536
9,-11,217226.94676457695,146
9,11,523735.2805831374,558
9,3,586780.5797131317,648
9,-5,291464.0990822262,254
9,35,298765.82406259066,256
9,43,314908.78418456664,246
9,49,404738.0187172893,424
9,-8,224315.11715329016,194
9,10,538457.7437714108,569
9,-1,529576.9033681967,570
9,30,459434.8411631807,479
9,-26,322984.15739307477,297
9,14,521394.4300185811,571
9,22,602432.3470871376,654
9,-12,231108.60711827592,173
9,-21,231527.4407489981,190
9,41,338071.31412504165,289
9,12,531038.7220167896,571
9,19,533943.6316521899,601
9,15,500907.8574725372,542
9,6,564617.3901502598,590
9,-41,294566.71375320415,282
9,-27,316646.0401578655,279
9,-10,195178.34025436465,129
9,-13,235648.5585010263,185
9,40,318708.36978724325,273
9,46,458597.6462263814,513
9,-46,354816.0685623377,355
9,42,322212.161790883,255
9,-28,327801.0671210077,293
9,-40,249769.74798068168,226
9,-47,378631.32018744387,381
9,-44,339854.4717684715,329
9,-25,302266.61169942585,276
9,4,596450.3439979617,645
9,5,566943.8989573244,590
9,-34,263185.17997194384,192
9,37,305037.2642371817,252
9,34,322004.8908457033,286
9,16,506910.10962610715,549
9,-39,200155.61627348486,161
9,-19,228492.7491352414,196
9,1,550540.6299084385,599
9,7,599598.5458904206,660
9,17,493460.7004710718,531
9,-29,319399.6990918545,279
9,-9,197316.25933746182,143
9,20,566755.7290568409,632
9,-48,413902.0654861838,431
9,36,300383.7652127058,236
9,18,489770.1568284423,536
9,-17,212304.7353671075,187
9,31,399456.2104656506,388
9,8,606577.4065962483,658
9,-22,243131.70785267992,205
9,-35,218380.4893869597,132
9,-4,366594.1551539709,356
9,28,546228.5731404831,573
9,33,311600.53396731225,272
9,13,539473.8254477081,584
9,26,636356.0132836292,693
9,-37,206159.57042823284,145
9,-30,350537.55494772905,325
10,-32,361896.7921360332,336
10,18,536354.9143045295,606
10,-5,265128.24476739566,211
10,-30,364515.5129417136,340
10,-4,353574.64660128206,329
10,16,516525.66179541306,567
10,-19,227140.23966114843,191
10,-45,397369.2632857826,430
10,46,466026.11046308285,519
10,39,283225.7889569409,230
10,-2,469209.03260305437,480
10,-24,284026.0673669431,267
10,25,658418.5789638233,741
10,-35,232461.54335584794,154
10,41,292693.43471299653,227
10,43,307844.7872644344,258
10,-6,226163.80176114631,170
10,21,602149.0135185339,673
10,-48,421689.7055682055,454
10,45,402110.0117961208,411
10,22,604985.0022616691,657
10,35,321672.2949668056,282
10,34,321964.37577550864,281
10,33,345947.8700519297,324
10,-9,171614.08093362654,122
10,2,561457.1131502962,612
10,6,553661.2436544044,568
10,10,538616.4238310873,575
10,-34,232297.68470679334,154
10,42,286769.442229021,222
10,17,517329.47468730854,563
10,5,593137.6613176552,639
10,-3,407431.3873342115,393
10,-1,496223.4239324253,515
10,-38,255989.24104779944,233
10,-27,346347.88322381314,339
10,4,612989.7331320919,670
10,-37,238893.74117553912,200
10,40,296857.40461671684,241
10,29,484485.2065344498,502
10,11,519344.0197199283,550
10,-8,194140.06013402165,150
10,23,627696.3159594744,684
10,48,457309.3019799482,508
10,-22,263848.16739634256,229
10,-25,297111.81251809833,293
10,-42,308495.6957842526,320
10,26,621554.5552162913,688
10,-31,384372.64110120654,377
10,-16,201854.23401419446,176
10,-10,178647.03659150552,110
10,14,533822.5825796778,592
10,1,533583.5941926221,566
10,-40,256245.10374936418,239
10,27,566693.6094894496,613
10,0,502610.5161002829,527
10,-12,237522.00757628315,177
10,-17,203643.2975239631,170
10,30,467257.4785704306,492
10,-11,207691.9973621186,140
10,-21,248876.2139818407,202
10,3,612118.2849424985,684
10,28,510187.2299581294,536
10,31,408871.5888710537,418
10,-33,280197.5615438512,226
10,47,479034.9041389389,539
10,-26,328418.7514064332,323
10,-18,213666.29213433428,168
10,-41,285955.8180069264,287
10,-15,208564.34475217282,179
10,-46,405033.9283135252,419
10,19,549929.4546280899,624
10,20,566166.5412493169,630
10,-28,364027.8138448248,360
10,12,541785.9012595696,597
10,-43,349717.03409642185,360
10,-7,207983.09651937144,167
10,-47,397256.8317592771,402
10,32,367146.0457093811,354
10,-14,225365.79775817075,197
10,24,643394.2945525863,703
10,15,517549.80273798486,575
10,37,297101.94082690775,228
10,-29,344041.80363757536,328
10,36,318893.0153010095,265
10,7,568109.1431391762,601
10,8,590180.4977890789,645
10,-39,241375.69831057495,221
10,-23,275172.2032197222,233
10,9,560444.7167807338,603
10,38,272041.79904790316,194
10,-13,285629.7865814118,273
10,13,539613.8893227071,590
10,-36,241622.39871619042,185
10,-20,221027.55672372764,177
10,-44,390117.58991564024,412
10,44,379413.0168682092,370
11,-13,242909.51967688563,194
11,45,402910.1540083206,396
11,-40,271141.6808993439,252
11,14,549135.9119032737,612
11,20,563907.5550393055,622
11,-44,395927.9679243814,420
11,41,284852.5182908668,221
11,-1,478578.2600634806,486
11,22,614182.5517788781,669
11,-21,291477.51671266684,255
11,-27,367343.07814551,369
11,6,558363.9722165363,586
11,-5,255176.3210389138,201
11,12,518780.6947165659,569
11,16,531875.2196915859,589
11,-34,369750.7888513945,362
11,-23,281198.5966827004,236
11,-35,321755.8948645714,291
11,29,449272.81536291493,463
11,26,570514.6507932062,608
11,34,311118.88129135314,263
11,8,570481.9596108949,623
11,-48,408056.7167224199,427
11,40,296989.119657904,240
11,-9,206797.27113530127,158
11,-25,290796.08155835274,292
11,-19,245213.67083394242,214
11,4,609790.4065521649,657
11,32,347024.3116887099,342
11,-30,352177.96899437916,332
11,28,505056.1053752468,542
11,-3,396160.8970537937,374
11,-39,266517.3887709686,240
11,43,340134.0062402948,297
11,46,453861.29002997384,485
11,38,286012.1142516562,212
11,5,590387.7941717032,628
11,-20,242175.71128353867,197
11,-36,318968.6783859309,304
11,-43,332504.60106550035,338
11,-14,222306.27543217543,171
11,-38,280493.14807945944,258
11,3,597485.7974317374,652
11,30,420012.67361208296,426
11,10,510841.5609817285,541
11,18,555635.2422005661,623
11,-47,428817.1692274147,456
11,-31,355653.910065288,333
11,-24,294099.90691487247,292
11,39,288220.6582782219,208
11,33,325283.35222728417,300
11,-7,210959.29435903183,168
11,37,306310.92228045803,236
11,47,478323.1047796617,532
11,-29,379252.10251017596,387
11,-37,277146.3023307765,251
11,-15,207277.2801508973,154
11,44,373942.01826221927,338
11,0,496585.9116005197,509
11,42,293346.8228707882,229
11,13,553735.230436489,624
11,-28,365420.4307946895,366
11,21,609318.8434407321,680
11,1,515684.6200665183,544
11,9,532537.7240447031,570
11,-8,201868.32284119408,135
11,25,624431.1565113745,695
11,35,312852.03178566886,255
11,-18,215220.4226730604,168
11,-46,422511.14011495997,431
11,19,542084.0794636488,605
11,-41,285232.4344737356,277
11,24,662521.3337024323,739
11,-26,324629.87039662973,311
11,-32,355019.90694959427,331
11,-33,363438.8046436122,353
11,-11,217080.38156827813,165
11,27,543490.6555818359,572
11,-22,316717.1640548644,284
11,-16,194514.54524637977,147
11,17,547837.7936015438,600
11,31,374785.42223202065,378
11,-2,439245.5514872469,439
11,-45,420858.7632503299,438
11,48,448414.18767851987,486
11,11,504019.5879553777,534
11,-12,243458.0752542058,202
11,-17,199766.1338726175,154
11,-4,333822.8150683194,293
11,15,535654.401009787,604
11,-6,212048.77175401078,154
11,7,566380.1694124517,612
11,2,556148.0573382383,609
11,23,635689.0258802316,699
11,-42,296373.7431414488,293
11,36,328102.89095393184,268
11,-10,205449.15907007258,167
12,33,299535.7550740833,277
12,6,585852.3698440773,644
12,4,604265.7215857052,659
12,22,655144.1108885554,738
12,45,417378.98556353524,418
12,11,489494.4586776326,523
12,28,482720.1276422347,510
12,26,537742.06527642,563
12,3,595776.5376272323,653
12,2,570897.2196514088,621
12,-34,430375.7572306864,442
12,16,562745.9418349707,633
12,-8,224840.91047546116,182
12,-40,267308.30073041003,225
12,-47,406285.41039455106,424
12,-48,383051.34409509273,384
12,30,416789.82403324975,439
12,-15,205389.22691075457,147
12,-19,261012.7934960003,213
12,-25,299083.8605437581,298
12,-2,423008.6714916727,419
12,-13,212857.50686193767,167
12,5,605572.797968827,670
12,-14,204005.76784607832,147
12,-18,227482.9162235088,170
12,-20,335347.7592599152,337
12,-26,315485.00581682083,313
12,-7,200750.45661481863,130
12,-43,302629.26880833413,281
12,-29,340903.5991362151,325
12,-37,296694.16444622277,282
12,7,543502.2214727112,590
12,41,325893.2208557558,257
12,-17,208830.6833597497,153
12,-30,385919.32349430135,382
12,-4,331778.60780611844,297
12,39,319234.87774740066,236
12,21,645840.3967085782,731
12,10,511481.9678870128,548
12,-22,338338.40543555026,319
12,-5,268231.8256679488,213
12,-16,204979.4714951456,143
12,-23,273766.8813011239,235
12,31,383115.7529330033,390
12,36,374643.98967528716,341
12,9,531911.6800511912,578
12,-45,411204.79645835166,414
12,-33,417989.2758185332,434
12,15,565370.3703158322,636
12,-9,251405.208137408,222
12,-42,275260.5208916032,255
12,-44,342770.86987572204,336
12,-27,314616.6055686257,309
12,25,607412.8139481161,670
12,48,463159.483501572,498
12,18,538716.4901453004,591
12,14,558743.3230695508,619
12,-41,261999.29490999345,226
12,12,493770.77263020683,532
12,-39,262103.60782645684,225
12,42,340168.24952716805,289
12,-32,372106.2005834075,368
12,35,336291.45175692794,316
12,-6,222434.92633041675,162
12,43,345611.37890554854,291
12,17,563911.1835086908,617
12,-35,403818.2736742588,409
12,40,337047.2785175583,266
12,-31,378626.73751107696,373
12,47,457540.778104724,488
12,37,380986.5865486888,345
12,27,506936.4820906017,529
12,13,521548.33460540476,576
12,-10,236087.85522836918,196
12,34,297800.1875012427,266
12,38,322526.52826689306,253
12,-28,323036.86887091014,309
12,1,519498.67924997275,547
12,-36,319872.37808471423,296
12,-46,430604.3643733927,440
12,44,359040.6043056285,320
12,-21,336960.6828819984,330
12,-11,228121.32388405484,184
12,29,473206.4084384078,513
12,23,654367.1627711032,733
12,19,553382.8724292051,620
12,0,499157.8710561904,516
12,-38,256610.9205287994,223
12,-1,465108.7929106549,468
12,-12,214316.55389863972,150
12,32,338064.1333328134,331
12,-3,373937.3384235263,358
12,46,448491.9852772071,472
12,20,614095.9846844752,691
12,24,635270.2565711865,705
12,8,535744.3045782474,575
12,-24,282078.09535589337,271
13,-13,206308.3879518374,140
13,-4,333590.1934848235,307
13,-20,330613.44067914836,321
13,-38,263986.00370282325,234
13,-25,295204.41340427473,294
13,41,353616.9288750676,290
13,13,445936.53219937097,467
13,10,487034.515605071,513
13,11,460384.6421688565,483
13,2,577409.1047645678,618
13,16,509737.2613183916,557
13,28,470692.6511331788,507
13,31,389877.9716800551,414
13,-19,357018.6371217383,349
13,-39,264587.94546348334,227
13,35,381061.97823048726,392
13,-47,378306.1926542228,362
13,27,483213.5026630836,499
13,-1,444758.97660792974,440
13,40,318742.27576041286,228
13,-7,212260.1070309843,158
13,32,360053.66747065255,358
13,-35,427436.59483433445,453
13,20,607713.0609118956,680
13,5,613776.0027665276,687
13,-21,320996.431622014,318
13,21,636923.3626081641,718
13,42,356307.7945259843,309
13,-15,227936.16575327623,170
13,8,535713.8846742917,578
13,18,496064.4918229939,536
13,-45,388483.87506464135,384
13,6,590493.0574887329,660
13,47,451766.0720943762,486
13,-14,223335.4353250486,176
13,-17,251811.5868160072,193
13,-12,236504.60231218667,189
13,38,357919.90677491535,308
13,-2,405766.3056446726,392
13,-34,413252.4172636397,431
13,-28,283299.70804444555,261
13,-9,252575.74794042614,233
13,23,649984.6017434825,729
13,44,374242.8027776,361
13,-23,259951.379628658,222
13,0,507394.6474529742,518
13,1,562696.8178119971,607
13,3,587280.5214427201,646
13,-18,279451.58371061704,227
13,-3,371953.6826232431,355
13,7,540270.6901870003,573
13,43,347948.92287489,315
13,-33,384674.16296748293,381
13,-5,285906.5976631391,251
13,-27,290217.6096661973,266
13,48,460078.48669643333,501
13,-37,304429.3434159998,282
13,15,490738.2884430273,531
13,39,327424.2520140377,242
13,26,496263.1959048585,516
13,33,329030.81830565754,314
13,-48,369145.25057246006,343
13,-6,231233.10703101935,184
13,25,519051.73946813785,546
13,-24,280622.70662149886,272
13,-40,252395.77781223308,201
13,-10,256563.33851865484,242
13,-22,305050.9362727129,277
13,19,556928.3084234118,621
13,-32,360151.45951799396,348
13,-11,278830.69803091994,259
13,-8,248652.17162125136,217
13,-30,306140.48144086776,285
13,-26,283331.20238641376,272
13,14,476344.32716189965,509
13,-42,279902.42969615996,243
13,-43,293969.25873831357,254
13,9,505318.6131467942,530
13,37,365494.799841004,327
13,-44,326128.5511172137,304
13,36,379262.76340092026,369
13,12,450174.0589498687,474
13,17,501040.6174502105,541
13,34,344486.7639909439,342
13,-31,342365.87428588414,328
13,-41,249590.05185153816,195
13,30,444036.7957125038,492
13,46,439091.666141033,460
13,45,420697.8979771143,437
13,-16,249858.56521969222,179
13,29,464930.1136641087,513
13,-46,429484.7333372414,437
13,-29,280141.4661395069,245
13,4,604765.0601397853,664
13,-36,373053.43847059424,379
13,22,654065.9369935442,738
13,24,562843.8986912527,600
14,-31,314011.31766815705,295
14,25,512794.5766528179,547
14,44,401133.114301887,410
14,28,530914.8350045447,599
14,-20,329470.35196718085,309
14,-19,328691.25433853164,280
14,19,532818.2041545174,569
14,13,439136.8311847288,466
14,-29,269183.91028527037,245
14,-17,338635.2940301529,292
14,40,355968.28086189827,287
14,-23,257876.75597251917,235
14,43,363255.9269990015,339
14,24,569912.8463054913,618
14,31,413104.4794080208,449
14,-21,294357.2359159186,270
14,5,629580.3253789134,717
14,-30,282289.07748830627,251
14,-27,269385.7231408018,251
14,47,413765.5928196869,430
14,33,375015.1877380067,396
14,-33,376146.7816442597,372
14,39,391654.5871704791,350
14,-45,368452.31992618,365
14,17,505428.98992376454,561
14,-42,253852.59146569262,190
14,-12,279761.7545851303,243
14,41,394435.5659001573,361
14,8,516351.99158026115,539
14,4,603107.9140258026,674
14,7,544679.4830597109,576
14,10,476117.84712526185,488
14,-36,366457.6558852107,370
14,-15,291703.1687126272,232
14,18,506919.7069628882,537
14,2,584482.9487907445,642
14,-32,343318.7425919679,321
14,-39,257411.1522684996,201
14,35,332577.0407794608,323
14,-2,428538.9709907061,410
14,-11,287689.3862762399,272
14,3,605802.9911914524,685
14,42,386497.09567906824,351
14,-44,320078.57832606486,292
14,23,585813.8719051196,630
14,1,558452.4078134466,591
14,-14,280511.9188553184,233
14,-41,238908.9648047695,163
14,-28,272368.0490539855,258
14,-47,385390.9864766715,372
14,-1,479723.8827485877,482
14,-6,266601.6615439761,246
14,37,328055.15895245364,277
14,-35,426666.84752448916,455
14,-24,262514.0271372918,244
14,-26,276449.5663237538,278
14,46,383372.843849422,378
14,-9,246380.56317377932,234
14,6,604324.9269172162,681
14,-34,421674.56545884674,439
14,-18,309387.38039195334,258
14,22,607791.1920737004,662
14,21,610265.1089582907,670
14,36,349872.8579042237,325
14,32,388025.20156651334,421
14,-43,281804.8070529765,230
14,38,340352.8995778221,267
14,29,475832.33752010745,527
14,26,492185.8009129399,524
14,45,402446.30346631305,408
14,-46,373142.29225072486,356
14,0,530333.3136277603,552
14,-5,322154.8078404753,312
14,27,485638.8086115469,519
14,-38,292962.59008490125,269
14,15,487511.18012162874,530
14,-16,315671.8391679865,259
14,12,441115.3449506154,469
14,-10,283032.4669023667,283
14,14,461484.93177872506,497
14,20,583117.0988437034,627
14,-22,258855.65585251802,226
14,-13,270496.1085669374,212
14,34,358207.87227102707,362
14,11,458904.82842410286,479
14,-40,253272.0600884463,192
14,30,447804.383326577,499
14,48,457381.30585626885,497
14,-25,266540.99846245203,253
14,-4,360351.279749903,342
14,9,490779.03185486206,502
14,-7,216696.4984496106,192
14,16,506933.3619821345,554
14,-48,340828.8656163765,309
14,-37,295599.28200729185,265
14,-8,230789.323719868,215
14,-3,378356.28300803766,346
15,5,644607.9674508399,748
15,3,606846.2223376185,696
15,47,415611.7367021324,438
15,-35,356403.1724896638,360
15,-24,209414.75653026614,144
15,33,372412.75447972526,386
15,15,491354.46763547795,533
15,34,341993.1642375681,330
15,-40,262424.47382240026,209
15,-3,399874.57093911385,379
15,45,385042.38114447246,385
15,-5,319238.3745081327,316
15,22,587713.7707721931,629
15,-26,245358.06028234016,217
15,-10,294611.7409184922,295
15,46,404535.64140797156,416
15,-12,282090.9201393153,245
15,20,539051.2425011877,567
15,43,389532.5331709292,364
15,42,401610.8581707542,372
15,26,521630.81173756433,580
15,-32,332164.73038383486,290
15,44,394097.2641963903,386
15,-47,394562.2840085706,401
15,-9,278214.37932341226,277
15,-41,241653.57733117035,173
15,25,555422.7570822627,619
15,12,454933.8346327017,480
15,13,467215.5608767144,504
15,-38,261946.84100189395,212
15,29,433139.10171071946,437
15,-14,323096.1085635055,294
15,-23,209561.4060281924,149
15,41,434298.92064181226,420
15,-11,306630.6727777011,297
15,-39,260094.6934325895,205
15,17,482401.31562934275,519
15,23,579757.056904558,622
15,-19,290382.3774713985,235
15,2,576991.6059752393,640
15,-45,378189.02323233994,375
15,4,607025.6873899722,690
15,21,559961.726422324,590
15,39,380604.6554154613,327
15,-8,246619.35375862656,235
15,40,415571.26863626373,393
15,-18,295746.79331228865,234
15,9,495305.78683483985,505
15,30,386174.2594511672,410
15,28,482390.6549868733,515
15,35,300628.3348439877,270
15,8,527848.0121716589,554
15,-17,308547.7163957176,248
15,-25,253190.5231962883,221
15,-2,451601.178105759,439
15,6,627374.1492201737,714
15,-37,347267.3509675625,341
15,-1,516160.9632633677,523
15,-29,266092.35310044925,238
15,-30,277638.052992824,237
15,19,522548.97373387316,553
15,10,473141.9302487196,475
15,36,293315.0062814288,247
15,7,569006.2677016269,617
15,-28,262734.9900468039,245
15,1,543593.6420179538,572
15,-7,258183.3242347103,256
15,-27,265017.3209781991,247
15,38,359323.2482667874,313
15,24,571372.7081803785,625
15,-20,314270.5994215545,283
15,31,391910.21361416555,425
15,37,299262.4962317553,247
15,-36,327185.51996108843,309
15,27,512834.9243165908,572
15,-22,252798.63600477652,197
15,14,483119.4967696351,534
15,-44,335875.6619195214,303
15,-46,416043.2741965682,436
15,-16,348696.11856957205,322
15,-21,291483.3821416583,251
15,-31,307727.1083305247,261
15,-4,353261.90916037187,329
15,-13,290633.16005285387,246
15,18,507101.2992581622,540
15,-42,237331.17129029665,161
15,0,557893.996557632,586
15,11,468663.4500110252,488
15,-15,308918.15788994846,268
15,-43,267911.44703804073,202
15,-6,290611.22395620897,292
15,-33,344338.76448884566,326
15,16,486211.2330913055,535
15,-34,342089.21031265386,331
15,32,404127.9020837457,438
16,-21,270927.05517510895,215
16,-16,333505.7493411537,296
16,-44,354630.341118312,342
16,31,372168.2057891789,381
16,30,344197.32615956163,350
16,-34,332073.2762065949,320
16,36,332013.74726892106,293
16,44,384756.5087900927,362
16,0,576245.0250034153,608
16,35,329468.4015192667,306
16,-29,273714.75791129586,229
16,-42,240981.88457248927,167
16,29,363143.12563690916,362
16,-38,267827.0558021269,220
16,18,492572.75708539295,522
16,-40,240904.27963853904,176
16,-24,202092.76211649395,153
16,-31,294273.7993036954,251
16,2,574929.2497508476,637
16,22,571899.692009048,614
16,-2,446567.9694882935,427
16,-14,322511.4676957993,299
16,11,478547.30938653415,493
16,10,483235.18684735755,482
16,-10,288772.16196795733,286
16,-3,367072.3115985209,325
16,24,590865.9796128098,651
16,23,585757.2987286915,633
16,-33,341653.48992256884,313
16,5,648964.8177256531,749
16,-45,417044.38413722866,437
16,19,501151.71563661826,524
16,21,547370.2428698051,579
16,-20,278916.89916518825,240
16,42,373352.27166165813,343
16,-25,223429.3156076771,167
16,-47,393459.70681100665,398
16,-37,320412.08703369467,306
16,-12,286294.4175818286,239
16,32,348224.79341085657,335
16,-35,344645.8027327503,338
16,34,362017.0165805365,358
16,-7,235875.42761388764,216
16,-27,249642.3781733281,203
16,17,481606.768618651,508
16,-4,329458.5795914851,287
16,4,629529.4584248952,726
16,25,578359.6244996918,650
16,27,461083.9896545981,492
16,-19,277642.03328879864,233
16,38,358517.60216286517,322
16,43,356603.1878750606,315
16,-26,225011.7060271327,171
16,-36,333097.4364254489,318
16,-18,279273.0168401828,229
16,9,499179.89954365155,498
16,-15,364481.4901066575,352
16,-17,325024.80048926,288
16,-22,239278.3840151474,168
16,7,577197.6202552032,636
16,26,528406.8791596369,591
16,47,339591.1626919285,328
16,8,520651.92532787647,532
16,41,395840.7668769257,363
16,37,335137.6483804418,284
16,-8,258164.3069870294,255
16,-1,525741.6107720978,541
16,-9,275196.5973244985,270
16,-6,227946.13633883465,190
16,-41,239191.8818710278,172
16,-32,331220.2695717772,295
16,14,482392.9392438938,526
16,6,619400.0733706283,694
16,12,492346.6505716086,533
16,13,485748.39199650567,532
16,39,404040.8032073314,385
16,-23,211786.90931591438,149
16,3,608628.723738062,700
16,45,413809.65656852303,420
16,-46,406808.7292357097,425
16,-13,298560.5766180035,260
16,1,572476.1230573918,614
16,-43,283392.8279201754,231
16,20,504305.8747467028,528
16,46,354435.86058863543,341
16,33,351642.40488785366,340
16,28,402358.476709769,401
16,-5,289784.1943663532,245
16,-28,268688.01321856864,231
16,-39,253512.24791966463,192
16,16,480347.87639737537,513
16,40,428178.94885201054,417
16,15,473997.56487170426,516
16,-11,301073.57399020006,285
16,-30,273247.8879877188,216
17,36,348457.4570276078,296
17,-1,493118.7905834907,498
17,-4,319910.8981118985,253
17,-44,399018.71709316765,424
17,-26,216403.75467921764,169
17,-32,343987.2038369126,327
17,5,586628.544095495,643
17,42,337058.1204625672,312
17,-43,344319.0924019666,335
17,-33,341985.0485040851,331
17,39,404689.0237349426,389
17,37,370265.6179621982,333
17,1,606114.0038301053,676
17,11,495580.5911449691,526
17,41,360852.57790063694,344
17,27,462022.7857757521,504
17,-14,293966.39647087076,251
17,-22,240233.6033823593,157
17,15,467448.6238355226,510
17,7,545723.6291063213,605
17,46,332435.69130035734,297
17,-8,274702.5699515055,257
17,-45,407890.599373484,441
17,30,322286.75865303644,321
17,-9,270489.1984465656,261
17,13,464263.1162299349,483
17,23,591835.1013961814,650
17,-7,235213.34152282984,196
17,-38,300541.39241972886,280
17,-25,200458.30061369063,163
17,22,568339.5605532451,609
17,-6,233553.63022268616,167
17,4,630273.524723016,723
17,-11,293439.18042670214,268
17,34,383456.566961534,366
17,33,355059.063909832,335
17,31,310754.38760454685,294
17,-2,443543.2855071629,431
17,-3,363364.73580605205,316
17,-41,272392.9197090843,212
17,-13,298796.16954344016,256
17,3,626675.6188286575,719
17,38,401345.46163305856,373
17,-40,266054.56781561935,213
17,24,609534.181604168,677
17,-47,411983.9466128604,439
17,17,480774.13070545316,514
17,-35,356550.07972440915,338
17,-29,282060.85420649237,249
17,20,500318.913862292,520
17,-37,311728.1414339659,298
17,-36,325298.49346136366,310
17,8,494038.0998862511,507
17,-10,298937.8276791227,304
17,44,341687.23420309264,295
17,25,585690.3102951193,665
17,-39,276645.5059969167,243
17,45,345991.8846534536,308
17,12,455652.58030698105,477
17,9,471046.5151229147,453
17,-42,296955.49261993106,249
17,28,398767.2827211745,411
17,-15,286046.4135788937,233
17,-16,317566.0186052642,280
17,6,574092.1918643124,635
17,-20,283701.10431354266,250
17,-17,283830.6349534409,231
17,40,383414.917338618,372
17,-46,413515.14747369394,440
17,21,548174.9733097618,587
17,32,339796.12774116657,317
17,-5,275826.5482865144,204
17,14,471355.04093313555,506
17,-30,294615.52833986987,258
17,26,521520.2536254848,587
17,-21,277731.3986669688,215
17,29,354341.6359572421,369
17,-12,307838.4639104333,282
17,2,605515.8059023779,677
17,-34,330930.85978684004,312
17,-24,187849.68288936556,137
17,-19,283832.1000247687,249
17,-23,209129.2570091381,133
17,-31,309918.71491298336,283
17,-27,220414.8293991553,162
17,19,500103.20942521,514
17,47,336015.1556206605,297
17,-18,250157.3305487565,201
17,35,384484.50702002883,368
17,18,486904.4696624569,509
17,43,336299.26622752886,305
17,10,519208.8484210522,539
17,0,562461.991755452,601
17,-28,264579.31855171523,241
17,16,482264.1893014282,522
18,-44,399751.59538931213,413
18,-32,353828.10959191655,350
18,-29,304410.5137323123,296
18,10,470742.655419859,463
18,-12,303702.93797199434,278
18,46,312951.9795191316,263
18,12,452810.4347084425,472
18,-23,216499.88719477507,145
18,-45,402996.5576136125,432
18,-4,330434.0912668765,281
18,38,389095.9366062309,350
18,15,472515.4225496489,517
18,-5,299132.730438129,243
18,-36,309020.2257595631,289
18,-9,276044.98583688395,244
18,-20,262907.4526223428,210
18,2,651958.1392963454,753
18,20,497961.02705751493,513
18,5,596377.643589603,672
18,-27,224748.54440387434,194
18,36,363022.66481751413,293
18,39,367264.650256497,339
18,35,337157.5285443091,277
18,13,468553.4551657236,495
18,-15,291127.1174942381,253
18,-1,485468.5057848645,489
18,21,550272.0708912581,581
18,-46,403589.6241490514,427
18,14,469511.2384058043,514
18,25,575715.119328961,655
18,22,583147.3431864772,632
18,23,590878.5917052146,653
18,11,436666.50151483103,438
18,-30,316579.65900035494,288
18,41,365010.3735150337,342
18,37,381298.4752233451,331
18,8,571264.866698149,622
18,-38,278881.5816433188,246
18,-19,277773.7692402401,252
18,43,323312.0364761697,267
18,4,608425.9161685318,674
18,0,544409.5640951159,578
18,34,334313.04462189804,286
18,-28,246531.87723031355,219
18,-3,395172.0573626759,379
18,40,361624.62478482875,331
18,31,308721.45707032026,290
18,42,351737.02786245814,325
18,17,500520.0618778366,548
18,16,481717.27008805727,522
18,-22,225915.3904777769,144
18,-7,251512.24141169366,179
18,45,321561.8162368745,263
18,28,457588.0934644038,507
18,-14,263509.112260183,215
18,-18,261109.7780035853,220
18,-41,291108.32955075166,249
18,7,545329.9555458676,599
18,1,598455.3180250786,668
18,-11,300765.06387110765,287
18,26,513984.50839529664,577
18,-13,263344.4285514608,213
18,-21,247306.90179574196,185
18,-6,246600.76239125518,167
18,-40,320836.9748011504,298
18,-31,321717.3194715513,288
18,-26,224094.09664170552,190
18,-2,431099.2080580838,419
18,3,620460.4803212888,698
18,9,528792.3374584147,539
18,-37,283167.70303436916,261
18,-42,335508.98369451065,315
18,-33,379432.68632114923,394
18,6,565283.7376096884,632
18,32,308234.6388203429,264
18,-35,356840.14477085194,355
18,-39,298799.2479977028,270
18,-17,256512.38026354305,205
18,29,398064.28724053415,431
18,18,487596.43520820595,509
18,-8,261702.62070592074,210
18,-24,209747.67864743812,149
18,-25,218122.69890178752,167
18,-16,257982.4607404243,202
18,24,603098.9405299823,677
18,-34,350673.3880320081,350
18,27,475047.3743044502,532
18,-43,354731.6650947939,334
18,44,326002.5903739121,257
18,19,497874.4125029474,507
18,30,342022.89753251895,353
18,-10,314711.3363494561,323
18,33,329039.21598571533,291
19,-25,230838.0519059877,191
19,18,511229.37825214484,560
19,45,317914.7626123332,271
19,22,582051.546135211,628
19,-3,400225.90696082835,385
19,16,500634.9141534525,562
19,42,341295.55276736495,290
19,41,329713.66851922823,274
19,-39,327579.6373601585,312
19,-32,350888.67379401525,349
19,-5,327587.1358306771,303
19,-6,281536.81966806424,235
19,21,546210.429201775,575
19,17,497319.2185821713,544
19,-36,303878.5095664853,279
19,-33,380807.742599147,394
19,39,355303.2755700746,304
19,-11,284514.3722384414,274
19,19,491685.90190296184,502
19,35,298910.4532298564,230
19,31,313149.2229184913,303
19,-27,259069.3429973111,243
19,-17,263734.80621410016,233
19,37,352299.8399699104,295
19,14,480250.2748392174,541
19,-26,239044.84623674216,215
19,-21,237427.25181619942,188
19,-19,287345.59262057947,259
19,-37,291409.1528145399,271
19,-12,247721.38362874772,203
19,-23,244571.57692286378,186
19,-16,246128.16419672978,200
19,-45,404901.0668458667,433
19,44,316201.9016219807,276
19,11,457873.24756206607,462
19,-2,430140.8423425461,420
19,40,344877.9838255698,290
19,38,405073.79651981656,385
19,8,554786.3415103116,604
19,7,567619.5259307456,621
19,-46,404778.1463096674,440
19,13,476430.1568289642,524
19,-15,230936.56578520886,184
19,-7,253128.3028393623,183
19,10,456538.02128960233,446
19,27,469523.52043972595,528
19,-22,230976.01528607841,162
19,20,496598.7157506436,510
19,24,605479.1104065207,679
19,32,295110.8801728612,254
19,29,385547.6494674973,406
19,25,536637.329343173,593
19,-35,393623.4195539724,413
19,5,618250.7349221393,698
19,-18,280664.12714273663,246
19,-20,261701.27584298744,217
19,46,312472.70364986494,271
19,-24,236149.2183743785,182
19,-4,365252.97242009663,348
19,28,428845.88864837587,471
19,-13,238272.46611055292,172
19,-9,290872.3713726881,287
19,-44,353232.21830482123,339
19,30,338294.33320529805,342
19,1,544479.648808736,589
19,43,337496.07940561883,300
19,15,495803.98878465174,552
19,2,601333.2671627754,678
19,-38,300602.44387236435,290
19,9,492776.8844488578,497
19,-43,316638.6277836094,275
19,-42,310760.19478478265,279
19,-31,350396.6631405694,330
19,-41,306089.04783818446,272
19,3,626278.4076094091,716
19,-29,296740.204414024,262
19,-30,329727.3691902874,301
19,36,313115.9000034384,229
19,-14,240540.5257450605,182
19,0,546593.4450644766,589
19,34,295703.5674558087,235
19,23,620848.6699266095,700
19,-40,342451.5131950428,335
19,-10,297490.72612716566,322
19,4,605780.707317783,673
19,6,604693.5993870599,688
19,33,293651.03436224966,247
19,12,475466.23583719874,510
19,-34,414722.5543379028,448
19,26,501200.6205017848,566
19,-28,276780.66068863485,257
19,-1,464922.68197841686,464
19,-8,237790.04178367346,169
20,16,468170.4699415157,505
20,-38,312945.61531501997,302
20,9,506351.0514875198,520
20,-4,365117.5792896131,339
20,-14,224228.3900816568,168
20,-39,317384.379193598,312
20,-20,310856.9898504217,298
20,-26,259002.62040803322,238
20,-28,276312.43404121575,257
20,-19,293109.14940093266,259
20,7,572438.6277074876,635
20,39,362085.3119223824,304
20,33,313108.0536654376,257
20,36,348043.76316401624,291
20,-11,261403.72689987658,240
20,-13,226461.67555498006,153
20,43,314267.7225992374,276
20,-10,269809.4426771924,278
20,-25,246096.63198267375,216
20,-24,243810.1964242899,206
20,29,326989.1891716307,336
20,-33,408805.6011256517,422
20,3,618622.1041817563,721
20,1,539120.5229751896,585
20,-5,349644.21971606533,329
20,13,487616.9193888751,546
20,-17,246804.65249851774,213
20,-12,213771.37903656546,150
20,35,314718.5036178,249
20,-16,230092.16351591173,192
20,-40,334325.53005276714,338
20,-15,221134.6028510886,182
20,12,512084.8192063488,568
20,38,358619.8203444598,310
20,8,545071.4295489934,588
20,24,593067.5616946244,658
20,45,295080.8848461718,264
20,32,314547.32058123953,286
20,37,370876.5712684297,334
20,-7,280553.4752095168,228
20,-42,316840.5989252364,281
20,-27,261274.962291946,245
20,17,476692.6540228499,514
20,-34,411288.06598300824,431
20,18,518455.631339826,568
20,2,562203.9584196619,625
20,6,595676.4114032795,667
20,-32,367967.96255331504,358
20,-23,228764.53451175313,173
20,19,517386.44505553314,551
20,20,514245.81628692214,525
20,-31,343817.3214670886,328
20,-1,460862.6618841755,467
20,-45,335144.6201113459,318
20,14,469797.2280689871,528
20,-35,371463.37380760815,365
20,42,320711.6290778904,257
20,34,315530.8737509961,251
20,22,621933.6215349212,681
20,-3,409447.88893102814,399
20,-2,434296.90761262795,426
20,44,308073.8772102141,286
20,0,488103.5563509689,504
20,41,342202.5487208588,296
20,-6,335788.07470879616,309
20,-36,303539.12155207165,272
20,-9,253981.9632572587,246
20,25,533147.001270398,582
20,-21,320749.8254354509,311
20,40,370327.7654616698,322
20,26,463586.1229640599,510
20,-37,297573.5179969858,275
20,4,640693.7133385696,750
20,30,304889.3321101117,303
20,-22,249794.25140884166,199
20,-29,305521.240781543,267
20,15,477300.28024169296,527
20,-41,328009.0812112737,306
20,-8,265537.95445612096,232
20,-18,249759.38492118948,198
20,10,508345.5977651165,531
20,31,292127.65689040226,281
20,28,367626.7406937797,394
20,-43,315931.723476371,269
20,-30,348433.0254920835,320
20,23,634172.7894946052,713
20,11,507648.5471403329,541
20,21,560898.0770503693,584
20,-44,306834.07063871884,263
20,5,627004.4138012115,727
20,27,404963.633686755,442
21,-42,314033.546939985,279
21,19,518759.5616725207,537
21,-20,305804.52536900976,272
21,12,532037.9246062166,602
21,-45,337380.20297447685,313
21,40,353248.15863391396,292
21,22,639067.4068283393,713
21,-6,362215.61960780376,353
21,-38,266270.44443710754,235
21,-9,255134.76340658093,241
21,-44,306493.6051635893,254
21,28,414100.0329982164,459
21,33,385451.02698028006,364
21,11,555617.0834830259,624
21,-12,232264.7776391606,164
21,-25,232951.94028862845,197
21,41,327883.4177951951,274
21,44,296784.44835542655,268
21,16,476316.19892124954,492
21,-18,242573.52955321586,183
21,-32,365389.0157452791,355
21,45,294151.2678620047,265
21,32,348845.7964782469,334
21,-40,326275.60397257,328
21,15,478032.3489120153,512
21,10,535911.2205516103,569
21,-35,357178.0067552412,336
21,-4,375500.4149166727,362
21,20,532865.9750273903,552
21,-29,313188.4516637765,297
21,-16,219838.4950940305,177
21,-33,403187.9181204949,420
21,-11,238136.69098704366,193
21,-26,237845.92404165503,200
21,-10,235905.54413933534,218
21,0,476862.2020088571,497
21,8,572568.6402595441,629
21,-5,375530.91176805546,361
21,14,480907.0170447614,532
21,1,532172.0861644353,586
21,-23,268766.0110266019,218
21,34,422395.87138458766,398
21,-30,345545.085183306,339
21,-37,260876.8125316714,207
21,-28,273044.00165101833,247
21,-43,299781.48472366226,241
21,-15,228561.64744285546,168
21,37,386309.885216558,358
21,3,607969.2128626365,703
21,-31,363682.89350346033,359
21,-24,237816.5281648986,188
21,-36,271110.5887894552,206
21,-39,299246.9711380622,295
21,-19,287996.10224229615,246
21,39,363656.8352655731,294
21,-13,233788.87049751985,170
21,-8,298696.16892357066,300
21,-21,336368.18635289965,327
21,-2,438266.9404572878,452
21,27,427847.9049604183,462
21,13,491309.58612180554,543
21,-41,324866.00898169214,306
21,4,654843.5765717889,783
21,-22,294217.9738648316,254
21,23,595493.2093919469,647
21,-17,233779.77937813962,175
21,25,507107.07899476914,540
21,17,478716.9059419454,497
21,24,548175.9191085575,585
21,26,451729.6382093488,483
21,-14,217999.41613500932,153
21,30,317579.48455040314,326
21,6,603715.04843927,689
21,18,479755.5404284815,500
21,5,672763.1728543408,810
21,38,352434.887050698,286
21,-1,453094.1487116361,463
21,31,318557.7017053576,301
21,-27,251335.749500221,212
21,-34,372281.71328424104,371
21,7,606886.8923698615,688
21,2,556516.6623315641,626
21,35,447842.81537438696,437
21,21,625885.8188799119,699
21,29,354797.0307264115,377
21,-3,412695.15944702,411
21,43,308888.9699285361,269
21,42,329247.8154029228,282
21,9,537504.8941602099,565
21,36,488935.1124250477,514
21,-7,345408.5657688059,348
22,36,480755.9971069228,497
22,30,311678.1965577697,288
22,-1,463023.3177244678,493
22,5,647045.1720683383,770
22,37,371721.1757103718,334
22,-11,237025.1120438799,186
22,27,380627.25978623464,374
22,18,488752.22269164724,527
22,14,493957.1089992826,538
22,3,582695.6626065412,660
22,-20,275953.32539751084,233
22,40,348748.8218696951,283
22,28,359981.71969758155,353
22,-42,332118.51132254646,299
22,-38,232741.50072435633,168
22,4,615777.3772441337,717
22,-27,288141.4683047219,258
22,-10,240491.68535703374,200
22,13,499352.65927612234,549
22,-13,201065.1491757948,121
22,-39,267390.2978395988,231
22,10,528008.8759981587,560
22,-15,214964.7643359445,171
22,-21,315282.0586525163,283
22,35,448025.1603078981,447
22,-43,300911.88392521284,240
22,2,562879.8379100466,639
22,-6,379642.96996744984,388
22,-31,365405.6152991969,345
22,-22,269608.9313086349,216
22,17,490212.46877507545,522
22,-19,251376.96370639827,197
22,31,324373.74586107937,305
22,39,331127.7043878857,253
22,38,342850.56019027135,275
22,0,477652.0503651981,513
22,41,340353.46479539026,283
22,32,371037.7286116462,359
22,-44,327742.7512407006,283
22,-29,344147.13774084084,334
22,-16,211584.68969590927,171
22,-30,350334.6662602858,334
22,-9,260520.1605165346,240
22,16,485886.634749585,513
22,19,492915.3919145943,515
22,-5,390092.3513591836,397
22,-7,328771.2146090135,317
22,24,487364.7056297788,485
22,-37,211968.60179597244,132
22,11,525788.7042713837,588
22,1,521987.0684868231,581
22,-23,262644.1209391463,211
22,-3,442384.7591880317,458
22,-28,302015.7749937631,264
22,33,385616.8046303821,362
22,-2,450844.0439082667,477
22,34,419011.36794338276,394
22,20,546370.312655993,583
22,9,535493.3618008463,556
22,26,426891.7287440492,428
22,-8,289448.3959378511,270
22,-41,311586.2788870618,289
22,42,320857.8162627364,267
22,21,607570.6640347937,679
22,-33,336667.9741993149,311
22,44,291220.6039028486,238
22,23,556826.0685011742,586
22,6,615674.8896341699,704
22,12,521507.74031186657,595
22,-40,305307.24780080596,299
22,-35,261468.468974987,190
22,-25,237128.47135482795,184
22,22,589469.6067616851,640
22,-26,244319.25980885624,196
22,25,448170.7022547011,435
22,-14,208256.62064868302,152
22,-4,430324.5879599918,440
22,-18,247794.25373516185,191
22,-32,361684.0887026962,339
22,-17,239601.3490572802,194
22,-24,257928.76373336432,209
22,15,478452.00669799757,505
22,29,343540.57100537413,330
22,7,602986.2291610696,672
22,-12,225465.3241061345,153
22,-36,221167.38487186027,129
22,8,579494.4825891049,633
22,-34,320116.28220746253,283
22,43,299775.77302662365,250
23,-39,273574.18482190755,239
23,25,447565.6415262271,443
23,9,527082.5203494538,556
23,-27,312687.09883342363,261
23,39,320635.5344666528,249
23,-6,321869.1377773294,303
23,-20,269487.59007574,225
23,16,464059.8886771538,509
23,-34,290570.58663974114,232
23,-36,202769.1393167129,97
23,-12,214505.51368177944,138
23,-3,394565.590123194,394
23,-28,334682.4256217332,283
23,-38,227478.1349947812,163
23,-44,344591.9740720329,317
23,41,314855.9968938789,250
23,21,576017.0036326675,646
23,-29,358110.2364817264,323
23,-35,213694.3740275792,118
23,28,326430.622828728,283
23,-18,223078.57572800096,157
23,4,557002.3156661335,611
23,27,352470.66397659987,305
23,-2,399459.3565381538,404
23,17,477292.43349005416,522
23,37,346405.5958489814,304
23,-26,307274.00090114825,268
23,-9,278420.7308035455,247
23,15,458252.8320566771,495
23,43,284746.1361874876,222
23,30,307156.76654057926,279
23,20,547077.2682367716,601
23,35,407208.7536284282,402
23,-32,319184.0275357178,261
23,1,487952.0714341281,530
23,-13,185222.36771027432,106
23,-31,373565.73474071873,354
23,36,366462.2940104224,329
23,-4,386107.3093587764,379
23,12,521329.4891414968,593
23,-21,301803.50708689436,271
23,44,270671.96492139064,209
23,-19,230861.04467911416,167
23,-11,241351.5477193374,197
23,-41,297140.10295302153,277
23,32,333788.6893982675,297
23,-10,267749.66513661895,236
23,19,480939.7306677555,522
23,38,328674.2625690458,273
23,10,528464.390875762,566
23,24,465241.08063911315,455
23,-15,208971.97206885228,183
23,26,391814.0536746259,358
23,-16,228389.26467127036,200
23,2,529644.7110618494,586
23,-1,409672.18648667005,423
23,18,470619.67816223565,510
23,-42,317780.5979724386,277
23,14,468201.93245355005,506
23,-17,215227.0982049384,155
23,40,324165.9368584455,255
23,-24,294618.3170989822,257
23,-7,304439.92630573275,279
23,3,534252.6053874467,579
23,-30,386483.3811538923,368
23,29,322038.4737132567,289
23,-40,291650.9875034937,273
23,13,500990.68196195184,553
23,-8,278729.2892865684,249
23,-23,296845.603127616,244
23,0,446236.3872130278,484
23,-37,207583.91208998716,129
23,31,295485.3255905141,259
23,-5,362694.0540524937,357
23,8,557897.4594673901,606
23,22,566914.5405483054,616
23,42,301363.0977570901,229
23,34,395219.02550128405,375
23,-43,319705.8958216744,278
23,7,571162.6887767183,620
23,-22,296505.5971054378,248
23,23,507495.61963017035,519
23,-25,285007.3459433975,242
23,33,394287.81282649987,380
23,5,589009.6790473795,667
23,6,580798.9600956402,645
23,11,528946.4169221427,599
23,-33,289364.5224199991,226
23,-14,198620.15325064582,160
24,-28,317793.926974654,270
24,-23,289937.71934369253,259
24,-9,296979.3383415562,255
24,33,353898.6617773633,333
24,16,447626.51929598034,478
24,22,549499.4381505506,609
24,-16,255427.3270098461,222
24,-4,374263.9787473138,368
24,-5,357085.5279562878,348
24,-25,315138.2708767666,308
24,-37,212350.33991979732,125
24,-12,234126.50819081036,179
24,37,304518.1396693652,255
24,29,319574.8221264245,274
24,-27,316318.4436111472,270
24,-3,391503.36297156353,386
24,39,331731.79641927435,285
24,7,588647.6417672884,655
24,36,343426.8495444857,296
24,9,570529.9375216097,622
24,-31,366333.1789053735,351
24,20,535329.1750933024,612
24,-2,406375.69189849,406
24,-21,294493.2373528407,252
24,-35,225440.883719085,130
24,5,552794.1184270112,594
24,32,382692.3175897554,384
24,-34,284988.6211696207,220
24,31,318245.76242190856,295
24,-24,294720.43666769966,273
24,34,348087.9561914275,312
24,-26,314436.2195989096,290
24,43,265964.2234710976,190
24,8,590026.3582773363,657
24,-13,205871.32254400462,149
24,-17,269053.92540212907,234
24,25,422899.49143976264,412
24,-41,302634.9217401562,287
24,2,536979.7405526807,594
24,30,311357.43025179085,278
24,35,349819.49608542625,303
24,-6,373922.68477135914,378
24,-7,318957.00420100667,286
24,38,323239.6945499654,271
24,-15,226398.64070057226,199
24,42,285387.8202554162,232
24,15,439361.4188174717,470
24,-11,264627.6077193432,230
24,0,439266.88763461047,475
24,19,508255.2609784027,578
24,-38,247837.53361386806,217
24,28,348754.9946410475,306
24,-10,295015.0543041884,266
24,4,548187.0185069304,579
24,-42,346500.49167556834,334
24,41,317466.203608239,270
24,-33,312945.4137027314,247
24,18,458376.9339260718,498
24,-40,272968.23215155065,256
24,11,527484.1254491917,607
24,27,376627.6312385597,351
24,10,554182.9477803824,616
24,3,545794.0767766159,593
24,24,453169.7103493439,437
24,1,480958.43021443277,525
24,-36,204908.55108428284,99
24,-43,372736.5348627803,357
24,-8,303405.3694383741,270
24,23,486963.57300622045,497
24,-29,368625.81128339167,346
24,-18,245638.1335760199,187
24,-22,292330.2964042561,257
24,-30,375908.15175547247,351
24,-20,254576.31550675628,207
24,-39,256301.7624807782,230
24,-1,420847.04443296866,438
24,-32,356529.4003439938,321
24,12,520783.9587949783,603
24,-14,210290.61275050353,167
24,26,400263.0286030977,385
24,21,565074.7686019408,640
24,6,574000.295273998,631
24,17,453419.049632471,487
24,14,442907.47779572266,476
24,13,482024.306206516,536
24,40,371076.1006726231,350
24,-19,233228.6065037044,173
25,22,544658.162594237,610
25,19,474204.13668677694,535
25,30,355301.7476124288,335
25,-6,396752.2008584729,416
25,-12,250925.0244518762,208
25,-27,333469.7049014568,307
25,7,588266.4328303623,668
25,-24,306969.2344780355,294
25,12,531868.7036570861,605
25,37,313901.139995845,251
25,-34,339007.19551702926,296
25,-4,393173.8375840329,399
25,31,381983.9695226403,385
25,-25,334584.4359258452,337
25,-3,410812.71223267395,421
25,4,544123.7850218671,588
25,-33,378333.17624628294,371
25,29,365026.69382221455,340
25,15,443092.72101401776,477
25,-30,377634.2570474373,363
25,3,555944.2553860529,613
25,10,560937.8432297554,633
25,28,378030.51010651776,352
25,-18,269473.80946292065,221
25,-42,348058.66795308114,344
25,-16,306790.57709071017,291
25,34,357407.41184735193,330
25,20,482581.5737086044,536
25,43,275822.1460974389,226
25,-5,373988.8169311848,376
25,35,333848.38621679234,285
25,5,533370.074690875,568
25,11,541635.320056535,611
25,-23,297981.8412796517,269
25,-41,324835.98844393494,324
25,-8,343534.3135921118,314
25,26,387314.5154137439,365
25,36,320710.9818797478,264
25,33,348602.9305500553,330
25,-28,323026.88774654,281
25,-15,252477.10784981214,220
25,18,456642.90777479054,514
25,39,326455.01248023915,275
25,-7,368465.63408867625,344
25,-21,296380.38928164955,244
25,-26,345805.4975141635,342
25,-37,245938.848103875,185
25,27,372147.51346858154,346
25,17,446545.2530349141,483
25,14,457655.2323123222,486
25,-36,221334.50234547953,128
25,40,332945.53412913065,310
25,-32,393713.0125784232,390
25,21,521351.87768437195,581
25,-13,249035.3000832295,210
25,-19,246946.36496591536,186
25,23,469804.5224503309,482
25,16,444862.314069347,478
25,-10,296086.59626045625,266
25,-38,268648.7464431025,227
25,-2,419847.2958200004,433
25,-31,394430.29771915753,393
25,-39,275408.0556134762,249
25,24,430656.967996746,409
25,0,443844.1795166102,474
25,-20,266104.41423380875,202
25,2,525660.1203733949,576
25,-11,247187.82057641144,205
25,-1,431942.69672007917,461
25,6,558223.854892497,615
25,41,308630.43805654347,278
25,-9,312549.03733469674,291
25,38,294719.56693656894,226
25,8,588562.4238457973,659
25,9,575618.3046739217,634
25,-35,257448.57193721802,165
25,-22,286131.6323890929,231
25,-43,384552.1799873809,381
25,-29,356786.0874201607,331
25,1,479224.2899201552,518
25,-14,248932.35845575074,219
25,13,473514.7551381813,510
25,25,393110.6760022453,358
25,42,298929.2465105567,268
25,-17,289891.98076994147,261
25,32,367422.95013867295,366
25,-40,292083.9893809802,275
26,-9,311807.1416651556,278
26,26,390933.1806255667,357
26,-37,268719.1435072189,214
26,27,368128.88153701695,331
26,-14,244289.51058358833,193
26,35,357801.4446944814,339
26,-32,444101.4888929039,478
26,0,442101.0849698414,472
26,-25,340878.2846634242,333
26,3,516911.1240822795,559
26,-18,266838.0640130292,220
26,-27,332999.2995435129,307
26,-11,222294.81875403755,158
26,-24,326149.97071554395,311
26,-30,390330.9831559402,384
26,32,388480.4994518504,410
26,34,354824.2556625514,347
26,42,304330.1411953618,261
26,12,530500.0485520334,597
26,-8,348190.15416044527,323
26,-13,252679.01441146358,191
26,23,495300.6164473015,533
26,-38,277712.92446959845,246
26,5,504917.2277064841,541
26,19,467652.9440292249,542
26,-39,273649.872172285,247
26,11,572645.4781317981,649
26,-40,291878.35905853804,278
26,-22,311940.02552343666,273
26,-16,254518.3307784239,207
26,-12,260291.52814423488,207
26,15,447543.72236070054,490
26,-42,338835.7479435332,333
26,-31,397379.1387649092,403
26,31,393004.86501472106,416
26,14,465152.38918730506,503
26,-2,423327.79934721417,439
26,-19,294165.1206353289,244
26,17,455064.848783863,504
26,-23,300201.4721039976,256
26,28,358762.69832581683,326
26,-5,374306.8561840017,371
26,38,287310.10533035157,201
26,37,314672.8240729572,258
26,-4,384166.44720492675,383
26,8,558321.2748539705,608
26,-28,357571.9224948947,341
26,-35,324654.6052131408,284
26,20,482942.35051293613,553
26,-34,384939.89831566025,372
26,-26,338078.4105603707,324
26,29,367563.1516940149,353
26,-15,235938.29633685877,196
26,16,450527.8564379703,496
26,10,567338.0687912052,633
26,-10,274491.71405928285,233
26,25,403268.76810891595,376
26,21,497757.12047030794,563
26,30,377334.5576146631,366
26,2,506051.1811987395,546
26,22,518988.14459249756,578
26,39,322706.4272876648,252
26,-3,416310.56785867614,421
26,-1,429217.41677325976,448
26,-20,290906.55355258565,229
26,41,309055.15681011905,270
26,24,440067.3948651448,432
26,-33,450059.9749407926,477
26,36,344832.10184734425,313
26,6,507361.4909088363,537
26,-36,263761.0297150316,197
26,33,368529.7001549994,365
26,7,527568.2712043931,572
26,-29,377346.5064045767,366
26,-7,401368.60664455337,401
26,-17,265013.25215855136,228
26,4,510591.5115271465,541
26,18,467877.0678462036,540
26,1,490457.5706503658,537
26,-6,410187.63361718477,418
26,-41,322788.6543429789,317
26,9,561322.7508601778,622
26,-21,266923.6302005845,195
26,40,313261.58721405175,272
26,13,487558.71128564887,527
27,-14,254414.05798973108,208
27,39,326515.30863640475,263
27,10,566388.0155674134,620
27,14,471838.0931761712,508
27,38,313471.28577819996,245
27,35,386766.0505867654,383
27,-5,383885.34352052084,401
27,-31,401344.98247953516,398
27,-7,385873.23715335416,384
27,29,363178.1257347349,358
27,-15,232911.1691647155,178
27,-19,282105.43733901414,216
27,-8,362005.07071648876,347
27,-20,257756.62806157145,175
27,-4,385079.38885663863,408
27,9,563222.1349999546,621
27,22,487392.4790831144,520
27,-30,373583.8538740652,364
27,25,437037.76635445503,427
27,-2,409025.9923067932,441
27,13,489473.8818982019,535
27,-38,294097.7384001133,276
27,-25,353488.2588583654,361
27,12,520658.27924282977,580
27,-23,289428.7064610809,235
27,16,468925.84999242536,517
27,-33,441843.0451726755,473
27,-3,399542.9428673865,424
27,-10,313015.4550989187,284
27,20,477909.37766349106,535
27,-42,338974.5971897743,327
27,-24,336303.8610677235,323
27,40,331922.6560405537,295
27,28,363575.0130501644,342
27,-39,285300.3257255446,260
27,17,487181.81492544204,547
27,-35,313709.5099135979,284
27,2,500585.04051555926,554
27,-32,455986.7585314855,486
27,-13,277720.495800348,242
27,15,462861.12884283834,502
27,21,485255.7770825599,522
27,37,328549.4313363466,280
27,8,556767.5140522841,613
27,-37,301003.6369820148,283
27,-17,243389.32756110086,190
27,-18,273225.5637523785,225
27,-22,256590.47094921302,179
27,3,513242.7686717016,560
27,42,299236.479344908,265
27,-27,331740.5311169172,303
27,11,548387.0757958243,619
27,36,398081.302366904,392
27,-40,281199.77737492253,254
27,32,369274.8986832825,373
27,5,498927.31753349205,525
27,-26,350537.53986876935,339
27,1,496344.9016836346,552
27,33,369612.7837760048,371
27,-11,264046.2852762156,217
27,24,510986.17934261967,541
27,23,495096.98936357896,523
27,0,480071.3214607296,539
27,-1,433218.47823070665,470
27,-41,288471.00415768544,257
27,-9,333299.94747913955,310
27,7,513760.87443030183,556
27,-29,348905.03678957967,337
27,30,386132.6479394681,409
27,-12,257251.7392155836,211
27,-16,231976.5277260085,180
27,-28,343406.86687741795,319
27,34,384084.7167476124,388
27,-34,364644.20678556705,356
27,-21,238821.48284598216,148
27,18,479790.4121985012,542
27,6,484552.0560163768,505
27,-6,390404.1557802518,391
27,4,531270.6784925108,582
27,19,475616.27705877274,544
27,27,374388.14810046734,352
27,31,377411.67374207225,393
27,-36,308001.12518935656,290
27,41,315687.8355574939,272
27,26,394322.6575357552,372
28,-5,399670.8259719584,433
28,31,341415.8845884154,333
28,-40,286053.4166147894,257
28,-7,379853.8104585157,391
28,-34,349791.33539449435,331
28,-16,240992.75629186325,199
28,-14,245775.71779417523,210
28,-30,379528.9448999518,388
28,10,533528.1975358939,574
28,23,456762.230668319,473
28,0,483035.0512718417,552
28,40,333290.5015209261,282
28,-6,386592.7395551681,405
28,-31,434719.69320024154,450
28,-35,328902.3277351059,312
28,25,463473.59742248576,466
28,2,504399.2350324275,571
28,-36,299109.87083255907,288
28,32,375804.86500044214,376
28,-41,302589.8827338153,273
28,-24,354392.7576434124,361
28,-28,321202.3231450704,312
28,33,428257.232441712,455
28,24,436862.7452455901,435
28,28,359138.1752703621,346
28,30,358519.46028584725,352
28,13,484537.1751983918,513
28,-9,348593.74398710544,347
28,14,469007.841729679,495
28,-12,250801.45044001308,203
28,26,443830.1972424945,438
28,-21,236524.8490148846,152
28,15,467551.0098111019,510
28,-39,294989.07972213184,278
28,-8,382792.21337878675,394
28,37,412333.53499349917,413
28,-1,461618.8236237991,519
28,-33,382956.3356997295,372
28,-27,301002.53769682685,282
28,29,330484.7491633979,302
28,-11,283789.9900625028,248
28,-29,334405.4297018394,323
28,1,488960.68051500455,552
28,9,531514.0008570823,574
28,11,557311.9361447112,637
28,-26,301586.15198836103,293
28,-10,319203.90367783373,303
28,-13,214951.61623457895,156
28,35,480562.12518034375,521
28,16,500345.92710159806,548
28,4,519595.81522352464,572
28,-3,401029.89556130534,431
28,36,456115.9253750601,483
28,-37,315836.3483742995,330
28,18,486874.33524065383,540
28,7,481055.4922856032,525
28,-18,245812.92997319694,171
28,17,490842.6053600256,541
28,20,481257.2699095059,529
28,39,346203.87653068075,303
28,3,517187.7587839367,577
28,-4,388742.0596538912,418
28,8,508950.29762407526,559
28,22,472596.09896445466,498
28,-19,208237.68634881487,121
28,-38,291343.4080027039,291
28,12,496997.6509033571,545
28,-22,266193.64764328324,185
28,19,482553.6472740246,542
28,27,396867.4202180532,381
28,38,394725.8020578811,369
28,6,469340.5955619112,503
28,5,487455.9764204519,534
28,-2,404460.12307480414,447
28,-15,235722.3579255363,199
28,-32,445802.3575515074,470
28,-20,226438.16321227525,143
28,41,315163.1853439893,270
28,-23,327483.12561870995,291
28,-17,253493.68026583837,207
28,-25,334481.4707803102,349
28,21,456505.5822570028,471
28,34,447120.6237689477,479
29,-39,292022.14699613635,282
29,21,438166.3376037355,463
29,0,457975.008268734,526
29,40,330320.800003799,276
29,-12,281267.93637858174,237
29,-14,227022.62003154072,178
29,-4,411150.5464495171,444
29,-13,230347.8445173651,157
29,19,475295.0253674825,521
29,5,464478.42289375793,496
29,-38,287770.75461838034,284
29,18,495967.58224828163,547
29,-25,328828.57436408865,303
29,-36,313039.8299809639,311
29,-10,291202.62512287503,257
29,-33,382299.4485008494,382
29,37,460391.1016586835,487
29,-3,421951.840315783,464
29,-20,270272.7096788182,202
29,20,459229.7430368503,497
29,33,361718.6623683212,346
29,16,456410.057062034,488
29,-37,326588.7181476509,352
29,-1,448224.6296835115,505
29,-31,408449.99008197495,407
29,11,504207.17561142857,555
29,-8,384408.24729746644,404
29,-32,404636.02270172816,399
29,-19,248475.30973143646,160
29,15,453055.49553899944,492
29,-5,414088.4675025087,459
29,-7,406057.21633124177,430
29,27,388908.8701735306,361
29,-40,304612.1154522381,280
29,25,442570.543515466,442
29,26,405916.71075275645,383
29,35,497305.96988332574,545
29,-34,386254.3071327322,387
29,10,508502.49319953145,546
29,4,484986.0847770915,520
29,-29,332444.3014333606,320
29,7,455943.38101736107,497
29,-30,371937.09095829766,361
29,-18,225496.30270423501,147
29,39,375314.94007341505,356
29,-27,303806.28356644226,288
29,-17,235708.33172356343,170
29,24,456502.5411186181,473
29,-9,329119.79700954887,320
29,-11,287145.2871514959,260
29,9,498204.42746536783,527
29,-2,432288.6429444957,486
29,-22,307710.36665142945,256
29,-21,294670.5971295735,231
29,14,438321.8182189764,473
29,38,439397.7517751699,457
29,36,498277.2805052823,536
29,-23,334519.1039417862,301
29,31,341950.75777571584,317
29,3,503561.38317643566,570
29,23,420438.61664570647,424
29,-6,405360.29094276676,447
29,8,477787.2671563388,517
29,34,466849.1419388445,516
29,-24,309372.4136949429,266
29,28,362745.9585009122,338
29,13,460902.50789340877,482
29,32,322519.966607673,288
29,-15,248507.55198312984,225
29,-35,356201.0950978194,350
29,-26,294078.2768420849,254
29,29,335530.55148163915,314
29,-28,311247.5883904828,294
29,-16,253749.7774013238,222
29,30,330841.4778803279,296
29,22,453345.27173663926,490
29,2,499804.77572699025,565
29,17,454781.445719789,483
29,1,477002.68076158414,546
29,6,456668.84777209954,494
29,12,475230.34049931436,514
30,27,396940.480266874,377
30,-8,326978.69191427063,316
30,-27,289698.7647646509,266
30,-17,239892.56135145464,185
30,19,448751.29193272773,485
30,-14,223318.03591454192,171
30,10,483101.04948314355,505
30,-16,235603.41798262057,195
30,28,357163.3378101882,330
30,-31,357830.52632202866,337
30,-5,453501.8075991247,518
30,31,313517.6767123684,267
30,32,334419.9988959248,296
30,34,427680.0599649949,435
30,9,476967.8478619236,480
30,0,461847.68966623116,530
30,-34,382549.0612923821,381
30,13,446956.5746888764,479
30,7,464032.8839742281,500
30,4,456729.61759396794,487
30,-18,251511.20548862382,192
30,-30,328722.71530803223,288
30,-3,424212.3947007784,465
30,22,454056.5845262834,486
30,5,454873.069861435,476
30,1,468866.3590931206,543
30,29,323898.762560816,296
30,-29,306360.53127514105,269
30,37,537113.7772134861,601
30,-35,374360.4115455412,385
30,-15,219726.03451736076,185
30,-36,343414.3212910178,364
30,-1,441366.8577629393,501
30,40,346468.8909662984,309
30,11,485181.8999269425,533
30,-11,290701.3351961327,262
30,18,439771.71468315274,475
30,-21,302571.8079949013,250
30,39,414138.4174214012,415
30,-2,424757.6752452046,473
30,-9,318067.733103205,310
30,15,451990.66793326783,495
30,16,448381.9460506957,489
30,-24,284186.9496519915,210
30,-19,278397.2553852132,227
30,-13,222003.64693253674,170
30,25,390461.77511472494,358
30,8,477558.1253159663,494
30,17,441770.513446641,479
30,35,522231.3603289323,571
30,-12,277742.3901944889,243
30,14,463794.440483971,516
30,-7,345086.8764388713,344
30,33,350547.0791277835,320
30,23,427743.7191950107,433
30,12,457511.7138125409,495
30,-10,300895.75126565824,284
30,-20,308170.93751840474,255
30,-32,372796.35322116426,349
30,-4,440299.74870342144,488
30,20,465010.2518435979,499
30,-25,286662.6989595336,249
30,24,428015.1782714364,429
30,-28,303137.8892854107,270
30,6,454964.2735027532,480
30,36,545668.4481415849,608
30,-33,404497.6462836548,409
30,-22,311078.59485843295,263
30,2,476020.013966338,543
30,-26,285797.7615672984,251
30,-37,326135.1123272191,351
30,26,415516.33196768095,390
30,-6,433236.4855531711,485
30,38,477671.12321724935,519
30,21,459253.5486977874,490
30,3,476484.7767433501,534
30,30,288931.53116076667,234
30,-39,323317.4651063169,329
30,-40,329301.38139092055,327
30,-23,281421.9662713155,217
30,-38,333268.23004413774,353
31,-14,227132.73029248082,185
31,17,415176.69275066315,444
31,0,452562.9594879612,518
31,22,430799.6599051149,453
31,15,450903.9415082177,521
31,31,356630.42541987245,330
31,-26,269811.7240422672,239
31,30,333195.28880016773,293
31,1,445456.2339768182,506
31,18,401870.5819393362,423
31,-18,312053.87224774424,271
31,3,447069.25718004856,489
31,-12,251142.62018421953,192
31,-27,282530.50784021436,257
31,9,436747.70709754986,425
31,-25,264915.2613186093,227
31,-9,329887.13818813185,303
31,-38,362462.8416742234,386
31,-4,453112.56818499655,515
31,-30,306413.6026207073,248
31,34,439088.69946346316,444
31,-2,424257.60223729524,468
31,-37,354402.81185861997,380
31,-34,383079.8582544692,392
31,16,438689.5621573474,498
31,14,483491.16870376794,548
31,11,469859.56430090056,509
31,-5,457692.006879115,516
31,-31,324173.9827448523,271
31,-33,412431.93362756487,420
31,12,490125.6204086304,537
31,28,317721.4070574586,252
31,19,430355.91291720775,440
31,4,446144.2062616071,476
31,-13,230019.0872865311,190
31,39,442609.96203608636,484
31,32,388610.8383323424,380
31,25,392094.4987776724,348
31,-16,249920.99313021076,210
31,-28,286166.5289305188,251
31,-23,275175.0440568167,223
31,-19,330662.1956674175,304
31,-32,362703.009106157,341
31,-1,444349.1403410127,505
31,-29,299792.2358063551,249
31,-11,282030.4082819081,236
31,24,408349.02409749036,383
31,29,293728.0367470774,226
31,33,406930.33990763803,393
31,35,506436.2964793079,546
31,-35,372733.0897240348,391
31,38,492626.86112178647,547
31,-3,436157.39326177374,487
31,2,450871.8712103769,504
31,27,375804.71316464565,337
31,20,429257.5944493929,428
31,-22,293152.53207901824,248
31,21,429644.2731633888,436
31,6,431805.6508053726,443
31,-17,278650.67279704154,240
31,26,389637.6145059258,350
31,-21,323394.28646593133,286
31,-10,318077.70917236776,294
31,-20,349891.2574113951,320
31,-8,374132.49341123377,383
31,10,446907.8612198045,459
31,23,416316.79496630793,413
31,5,447636.43935724755,465
31,7,450326.662297823,463
31,-39,369952.1898963005,400
31,8,425713.80195246905,409
31,-24,261371.3746409172,197
31,36,540491.9220387096,607
31,13,471796.35052127606,518
31,-36,340652.09973770083,354
31,37,530640.1831243266,599
31,-7,390047.17548752314,409
31,-15,233683.39223085006,191
31,-6,417475.61490495014,460
32,-4,448923.769021367,506
32,-29,286955.86515819764,230
32,18,399221.3362197783,425
32,27,312161.40975922736,252
32,-17,265147.851660565,223
32,32,377405.10037570103,354
32,38,505795.6843928256,561
32,-37,351407.4290811288,363
32,-22,304483.93603031745,263
32,11,438238.1975111717,465
32,30,292511.7709772822,229
32,-31,303758.8673643672,240
32,35,443692.2428994269,458
32,-12,257688.56396246701,200
32,17,415872.7569875323,451
32,9,425963.2859495043,421
32,-27,283139.952430685,249
32,34,428249.2818088809,432
32,-24,267735.84302963887,205
32,2,439914.10982323694,481
32,24,411150.7328089679,387
32,-25,271949.3305771656,237
32,25,379615.2902538783,331
32,-19,332439.3075570133,303
32,-15,251015.6412907305,220
32,-20,358089.4819780706,339
32,21,432810.2834414238,446
32,-35,370433.04334942857,386
32,23,388145.48408261465,371
32,31,325533.2602985209,279
32,-6,428111.4814796935,465
32,-32,323573.0809518398,286
32,7,390358.4347741594,378
32,29,288899.6566949083,221
32,12,463387.7358504561,512
32,-28,286361.5584315171,235
32,-23,287487.8490292457,243
32,-21,333353.56649078266,311
32,13,444838.20274740655,497
32,10,432648.80981015484,435
32,-5,467714.1394773896,535
32,-36,339177.47052685876,342
32,16,443708.7749491777,514
32,3,435638.13078945875,471
32,-18,276257.9717819367,231
32,6,421787.239534298,435
32,8,404262.6913974678,386
32,-13,249803.4219040387,214
32,-16,255271.0875295408,213
32,-14,236804.1462330421,211
32,36,492074.31937761203,537
32,0,426588.2414030447,478
32,37,497441.7288110149,546
32,15,452098.79742778203,529
32,-8,404083.59253849793,424
32,-7,418063.58981924277,440
32,22,408097.8628990015,415
32,-11,298643.7719703732,267
32,-33,399202.49014561967,416
32,-38,374038.1203500763,408
32,33,393163.8902652055,362
32,-1,440088.27068300516,496
32,-10,333542.663757812,307
32,-26,282069.0525524073,254
32,-3,409668.4737063705,443
32,-9,378467.7537523196,377
32,-34,396612.31524744513,423
32,26,328737.9589431966,274
32,19,405199.19855598477,410
32,28,292686.5781058746,226
32,5,421342.5156840097,433
32,14,460697.4933681453,530
32,-2,403471.92878524645,435
32,20,449290.94573649904,467
32,4,432137.78837453644,453
32,-30,298122.2688196823,230
32,1,433551.9357311988,479
33,5,399830.91053201584,416
33,1,423652.45416300744,450
33,-13,240763.87662670584,200
33,-34,418508.8643870611,453
33,34,410194.56292450154,422
33,-17,255266.65922038673,208
33,-33,402514.88112824835,419
33,12,449931.5117828417,485
33,-15,256229.99515510988,211
33,30,307085.2403322823,255
33,-26,298545.70290295617,271
33,7,374278.54358890775,370
33,22,427147.3542721214,427
33,37,481492.24968687,512
33,-5,427008.75192791544,482
33,16,443563.53074985446,504
33,-16,269464.6966268107,230
33,13,462089.35219843365,520
33,-25,301274.04392050393,274
33,27,314785.02163414203,276
33,11,430470.8006845789,440
33,17,433585.59543829656,466
33,-21,372503.0225088761,359
33,-4,419640.8945183527,477
33,10,412428.60812086466,411
33,35,395168.7925973814,378
33,20,437328.6591882231,439
33,-29,285776.2805306246,233
33,31,332277.3163863517,291
33,-24,323169.03988552897,288
33,-27,290631.00507337926,255
33,25,348555.6595364778,306
33,-37,365192.01894301595,372
33,-12,257741.66900267173,211
33,-28,281716.7897271037,230
33,-18,277256.30078915984,223
33,-22,346189.74632708303,328
33,-7,419264.4763962514,444
33,14,443675.9086028718,504
33,2,446795.74288248783,483
33,0,398144.9542971939,422
33,24,385492.7130343292,363
33,9,405864.1244070881,395
33,28,299656.10699407436,237
33,29,297721.7631578888,236
33,-14,237141.06368619777,187
33,21,451938.90455202764,470
33,-3,422016.7050654123,476
33,-30,284245.461243943,224
33,-31,297433.1967275322,232
33,-1,373275.11031105596,400
33,4,407556.39652384986,432
33,8,395125.0942942255,377
33,6,384814.6172188552,397
33,-9,405413.1855654719,434
33,-19,333537.0266790822,303
33,-10,347270.00909422134,340
33,-32,332302.8458179271,294
33,18,412527.02775464696,427
33,-23,328842.593484214,298
33,32,367667.51407393714,352
33,19,419891.8212933234,418
33,3,456012.4246652248,503
33,26,310419.9023559249,260
33,-8,433774.932634836,471
33,-36,351259.694437033,364
33,23,388179.4820413272,371
33,-2,390236.3619418126,424
33,15,439556.56956199085,512
33,-20,368584.201160279,348
33,-11,318214.8439732606,292
33,-35,403088.96356955153,441
33,36,423751.8765906361,427
33,33,386076.6416428944,374
33,-6,409191.17997027555,441
34,-36,389990.8201678379,421
34,-27,323241.6461972423,297
34,2,446757.05709909025,483
34,-29,282723.4812994957,229
34,-18,260215.96960891082,204
34,-21,401452.92970404594,409
34,30,310760.70882023126,267
34,24,349621.6810183236,316
34,8,407030.1002349428,386
34,-32,328162.7664229873,287
34,-31,287977.8588100262,227
34,31,352647.3694526288,326
34,-19,334999.8168047681,319
34,-9,415016.1961886887,459
34,16,453918.9883079887,506
34,33,381248.76937258214,361
34,-2,428833.5917926878,473
34,6,379021.7459628218,382
34,15,430328.90896554635,472
34,-24,369516.2318640913,368
34,-5,401645.2626589847,451
34,-17,265568.57925352803,236
34,19,399651.23656948877,369
34,-22,413206.348658567,432
34,0,380034.45288254344,392
34,-23,413115.67751592473,427
34,27,295117.04522022326,252
34,-11,322878.30637025106,306
34,7,388427.39331693406,392
34,-1,392914.4088603204,419
34,21,392534.1456548378,378
34,9,420008.9756055195,406
34,10,418354.6509497707,412
34,-30,270390.155260627,205
34,13,467506.0461318419,502
34,4,388174.1255611271,393
34,20,377910.02870283613,340
34,23,408857.01589553594,392
34,-12,266977.1769898835,219
34,-14,206528.76949406788,161
34,-34,403447.6274487006,424
34,-20,352128.16631600657,331
34,-10,378637.398043793,400
34,-15,236245.5979585601,205
34,-6,385348.8663044751,421
34,22,411774.74604656955,411
34,36,416590.4498572428,408
34,-35,422843.3468701761,461
34,-7,396737.7438942687,434
34,-28,299637.20842249034,257
34,32,373685.61724650394,352
34,34,385034.1085944944,363
34,35,405102.8374286762,402
34,5,394963.564194626,406
34,11,428102.0631987425,433
34,26,293135.25278215355,248
34,3,414975.8625936012,437
34,-4,413471.7010253332,462
34,12,454528.4267931826,477
34,28,295838.52318411134,241
34,17,420410.8332848825,434
34,-3,420888.55660697696,463
34,18,397993.6128885239,394
34,29,307018.97500468395,258
34,-13,208447.84918564672,146
34,-25,356401.8961527813,364
34,14,449637.1981628209,486
34,-26,335754.24630554795,330
34,1,407059.5882590921,426
34,-16,252195.58192070012,222
34,-33,411946.7578160712,422
34,-8,399871.77733474754,442
34,25,306583.113630189,262
35,21,355242.9958358378,333
35,-30,284281.0255049681,229
35,28,299646.7216526154,254
35,22,366435.24801181565,344
35,-17,252863.0590057897,198
35,26,304281.37472569564,268
35,24,362555.31199078547,341
35,11,433381.4281682578,444
35,34,425825.0535585399,425
35,13,457470.8654983434,489
35,17,424742.93211437215,434
35,-19,311244.3892587315,266
35,-20,397592.5188288406,404
35,5,375129.1016039942,365
35,-14,211728.1442289398,160
35,-32,370338.2065743932,355
35,-10,365316.764644478,385
35,-12,243208.67243894414,194
35,15,435800.1505322431,482
35,-15,217530.35750984674,162
35,4,388488.8047283728,397
35,32,402814.6897614644,403
35,-29,299061.1523096054,255
35,0,383660.8934410529,414
35,10,433447.51818207075,442
35,14,436234.7213097953,476
35,-11,315237.14348226925,304
35,19,379315.6777830082,336
35,-31,298830.39191023627,249
35,16,467190.7427917141,517
35,30,324450.01705103414,289
35,31,349205.194696864,332
35,-5,406635.78723978065,447
35,3,382981.15231461124,388
35,35,445731.19794514653,452
35,-7,373584.17385668866,404
35,12,453473.08784167806,482
35,-4,431064.73963869934,490
35,-1,407454.25609810906,449
35,-13,210540.20752646445,154
35,-6,377297.01574266056,414
35,-22,456435.68782637006,483
35,-34,373748.45953126624,396
35,-8,378809.5775343114,405
35,-21,444184.44236117095,467
35,-16,253304.35609706023,208
35,-2,436174.40331309283,499
35,20,363343.7310998148,327
35,8,409638.4320015186,398
35,-27,361423.94994801906,358
35,9,447941.7764338936,459
35,-35,406927.6432196351,453
35,6,379624.5989711729,361
35,-28,339571.4593832907,317
35,23,363554.68710274383,333
35,-26,397523.9250920658,423
35,-9,372006.58977495437,396
35,-25,440358.46959987236,499
35,7,400257.99166439497,396
35,-23,440008.85996912536,467
35,27,304456.24557975476,262
35,2,425629.00092844886,461
35,-3,432898.7104371957,491
35,29,312521.2601428051,268
35,25,320343.01809543953,280
35,-33,397035.3858890118,413
35,-18,305628.08692849573,270
35,18,414437.59624214814,404
35,-24,427140.80258427124,463
35,33,410994.94577148114,397
35,1,385606.12309908966,405
36,-4,441843.77201974514,505
36,31,388442.41071494983,382
36,-27,396108.04681649606,408
36,3,405283.834848812,435
36,21,341579.1613581587,315
36,18,439195.3989525613,454
36,6,409159.9837187958,412
36,5,392812.36066162784,394
36,17,471244.1290640552,517
36,-8,376087.5269732674,405
36,30,359243.4046920368,337
36,14,487457.30758328555,530
36,28,393301.46984123136,384
36,-28,365393.32893129066,361
36,-14,208159.14125695176,138
36,22,343981.018565253,303
36,11,448637.13671431446,469
36,16,499366.7777255978,570
36,8,409261.74763840734,401
36,-26,450016.8923826189,498
36,-33,380850.21498000604,385
36,2,413646.51679182064,455
36,-13,224917.97563879442,162
36,-9,363590.8487134723,372
36,12,490257.45503911626,537
36,-3,440434.9128998189,506
36,-19,417048.7856142394,423
36,-34,376775.375904637,395
36,23,346189.8491716086,308
36,0,410334.75339523563,451
36,4,385484.87712770177,401
36,29,359223.3337635784,341
36,-25,465199.98106386955,525
36,33,364435.87567338214,330
36,-18,316282.579548136,282
36,20,347522.3670643385,317
36,-32,360114.8446312118,334
36,24,344915.9255369908,309
36,10,423823.86886690353,431
36,26,349753.7929467182,345
36,34,417682.41646548134,420
36,19,373643.354424308,356
36,-6,396415.60850750754,444
36,-24,413589.6504812325,421
36,7,428567.6047513361,443
36,-12,275430.93550827674,236
36,15,478531.50191074767,539
36,27,370752.2776975622,353
36,13,487467.32978682173,537
36,-5,412952.2617124564,459
36,-22,432735.63768083515,431
36,-2,453884.1554400962,526
36,-21,450316.8858488159,468
36,-17,272816.02756203496,224
36,-7,365370.46879303537,397
36,-10,345216.77885220794,349
36,32,402039.0672644886,395
36,-30,342416.0409561653,316
36,9,421680.95719032246,418
36,-20,419879.19824298134,418
36,-23,399731.5869955059,385
36,25,332148.1880105711,302
36,-29,336708.66448968434,319
36,-1,425877.30995053076,473
36,1,407046.6293313937,440
36,-11,314641.0206955901,302
36,-31,363944.9370759127,334
36,-16,240219.93366388854,186
36,-15,216924.06734297733,163
37,-26,412998.30355734215,419
37,32,448954.2199525785,464
37,11,428918.77342913486,439
37,-1,427230.229310538,484
37,-28,369229.1804089948,360
37,1,426766.6886951286,467
37,2,419831.54429665254,460
37,10,408524.63419235375,402
37,-3,452668.53435237013,540
37,-5,435902.1670606954,486
37,-11,301794.2935015452,281
37,31,443007.5621541632,447
37,0,433341.59813879145,492
37,-21,440286.65154259646,439
37,-20,420149.61991812737,414
37,-25,423630.06870493415,437
37,21,340548.28957279015,314
37,25,361361.2928807147,334
37,3,431462.59482512606,475
37,-15,217822.1466416374,164
37,14,486649.71254024137,542
37,15,506648.490546539,589
37,-22,402779.46453867067,379
37,28,381018.1011163736,370
37,24,363567.38402160077,346
37,23,340801.38124803815,311
37,-14,229993.47067061107,174
37,-9,360929.833149668,375
37,-33,367137.6634657355,345
37,13,481118.0091564217,527
37,20,341933.2624197782,315
37,-10,348549.8370721717,361
37,22,341923.8068964377,323
37,33,414835.3407971065,412
37,-4,437990.13207846927,508
37,-19,431688.76635104854,448
37,7,406006.8830126212,414
37,-13,232367.42568930538,164
37,12,467906.48182149517,513
37,-24,414456.3414335336,404
37,-2,439344.88133688417,518
37,-17,322079.13945548545,307
37,30,426394.15096947976,430
37,-6,394834.92881682096,416
37,-12,252091.00337265458,200
37,-30,321538.03055064793,269
37,-16,251041.8227572291,205
37,-31,321892.78691318654,255
37,5,441167.5015976511,476
37,9,398523.4720444287,389
37,27,367682.88250629173,350
37,6,408909.6016910717,417
37,-29,337182.4947184735,308
37,4,449923.1431537891,501
37,29,396811.8313423208,397
37,-18,404180.32580163825,417
37,-8,370912.9357738547,403
37,-7,388186.9075084476,420
37,8,391324.5619135288,381
37,26,350544.3485306973,334
37,-27,407100.7956107476,407
37,19,343553.6237889325,319
37,-23,420350.30779779487,400
37,16,511691.8401459145,597
37,18,399023.12762492965,410
37,-32,321495.06468689576,257
37,17,488453.41580073023,551
38,-7,426706.8271814896,458
38,9,381364.17118190107,366
38,27,360441.57258930686,346
38,-27,364959.13337135647,361
38,8,376925.3432313839,358
38,-29,353107.87000665406,330
38,-12,251156.29037501317,186
38,-24,365205.1418398181,330
38,23,363182.5282311298,352
38,-19,419282.97573034855,419
38,22,348392.68107602105,326
38,2,443652.9295991559,500
38,30,422736.9841846911,427
38,21,341891.60571808444,312
38,-26,380782.17777042143,378
38,-32,300860.47323879605,230
38,32,434701.3335263751,445
38,14,514846.4656508819,610
38,18,399186.9017165148,426
38,-14,231010.00695725786,157
38,15,498266.0806047698,593
38,3,402757.60676686105,436
38,5,413353.6755903011,435
38,-17,369385.05836444773,379
38,-23,377301.8995723092,353
38,-16,315891.53126390075,305
38,0,441988.9623922803,511
38,28,368921.04216388264,365
38,24,358722.03197187977,349
38,4,428427.9752169782,476
38,-22,382727.45919877064,357
38,-30,317850.58048669837,258
38,-6,413020.78777794656,433
38,20,339876.79695064476,311
38,-9,380245.17545146775,414
38,6,387940.72169415443,386
38,19,346541.6101264336,335
38,1,466151.32932546514,531
38,-31,304100.4593415731,235
38,26,363360.8497051349,348
38,-28,354828.7162099109,344
38,-3,444274.5337574779,527
38,25,345325.0433985804,323
38,-15,251320.70060439318,191
38,31,420974.13117397757,430
38,-8,406599.085896561,438
38,-5,449606.8970273837,504
38,16,508975.2687798761,606
38,-11,292488.4275561887,245
38,-1,438310.89355609263,504
38,-25,361068.7415180266,343
38,17,457510.10042632953,524
38,11,421976.19219347695,446
38,-21,411483.05367363774,404
38,10,390302.3624148279,385
38,-13,240084.32373028016,167
38,7,407261.83420809684,416
38,12,439489.38487238094,474
38,13,441816.9333531079,483
38,-4,448409.5500288638,522
38,-20,422829.2085728595,420
38,29,397272.49251738645,401
38,-2,441039.550554836,519
38,-10,336409.3596014092,329
38,-18,391797.9026749724,395
39,29,362314.4137833499,364
39,-11,345381.9587509705,308
39,22,367022.8628137944,363
39,31,359339.6817429784,346
39,16,472084.9910239485,559
39,8,368700.52398420585,349
39,-5,468785.646424577,541
39,6,373555.5053007112,366
39,30,356403.9130739059,343
39,-4,445014.2518548858,519
39,21,391107.6765763077,365
39,-15,273697.7519033037,251
39,-3,416445.78636228706,478
39,-12,313925.66545872943,268
39,19,379737.0328709549,366
39,-26,323188.26553474297,292
39,1,440122.58832236426,501
39,-13,243522.18083372267,163
39,-16,314478.21700155933,292
39,10,359645.2577337101,343
39,14,469623.8855336959,553
39,15,468310.69221048075,557
39,-23,337170.2564639031,298
39,-25,323099.49299902923,291
39,26,308272.6747471024,270
39,-19,392746.16565935087,393
39,-17,342956.4651492928,336
39,-22,340314.80201451713,296
39,7,364358.38627912983,351
39,13,450713.666204057,510
39,-30,334018.79200729274,297
39,11,407714.4400323946,431
39,-28,341383.3241831148,313
39,-27,303709.29119633697,266
39,-9,391357.02523762983,402
39,-21,343783.2648034657,308
39,-1,416193.18586245156,457
39,12,436438.45016672154,476
39,20,379732.5784820868,355
39,0,438976.1107421383,492
39,-14,244640.3613209968,181
39,-2,392683.7392882242,435
39,24,313898.6959991521,286
39,2,429540.3446353246,483
39,-6,454249.79245730303,505
39,9,367809.779853942,342
39,28,370598.87314582994,371
39,-7,436568.5589465513,483
39,27,347870.7853903144,332
39,-24,308485.59771434736,254
39,18,408499.78185125673,429
39,-20,368154.2306301472,351
39,17,433123.68191052997,480
39,3,412098.99003404414,450
39,5,390588.40131671913,405
39,4,425613.04471336014,474
39,-10,374133.4834055729,373
39,-18,378551.85333009984,369
39,-8,435632.1391561155,474
39,-31,299295.2860631371,232
39,-29,339445.28182778484,311
39,25,293789.9894198958,255
39,23,340029.36850645114,329
40,20,405104.00972036226,396
40,-8,408019.9988889442,447
40,7,330313.4385398552,333
40,-5,445595.0680709128,516
40,-7,409285.9553134228,454
40,-21,296826.6942309865,242
40,27,303821.00646918826,270
40,-13,306736.35714126483,266
40,-18,335524.685985308,332
40,9,320609.01383410505,285
40,17,368548.9670018453,368
40,12,396077.04056053783,417
40,-14,278808.07240976155,243
40,10,362097.09822795045,360
40,29,359403.61826006055,360
40,-30,293951.77710341144,234
40,-15,284838.2518108811,264
40,-23,299022.1300726236,238
40,0,398091.3883094594,428
40,-10,428485.36267711764,452
40,-11,410272.848876023,407
40,-4,431500.0367260837,491
40,-1,374160.42925791326,383
40,16,388087.9475854447,423
40,4,405807.6152164297,468
40,-19,317018.8089848018,297
40,30,358709.3057955288,350
40,-6,441001.9109037064,495
40,24,303405.9082787454,273
40,19,410025.1464907842,392
40,-2,391834.4986080249,415
40,-29,308880.82146892924,263
40,-3,410305.31715841487,450
40,13,395149.62266430433,422
40,11,386675.8498575696,398
40,-27,286454.4509325259,241
40,15,401746.87978394463,451
40,5,392814.55106047046,450
40,14,396969.662348993,438
40,22,379473.82883102086,386
40,3,443765.4547551993,508
40,23,341025.4394729219,328
40,-17,338402.63786641706,339
40,-25,322365.01346404507,294
40,-22,291089.4320557745,231
40,-28,283028.86371500336,229
40,21,414706.1848965319,424
40,-9,421572.7134238787,460
40,26,272084.1735699908,215
40,18,416801.1569383122,426
40,28,345595.6356779854,333
40,-26,322528.93942497566,299
40,-20,328980.54333810764,296
40,6,356066.71111544257,387
40,2,433705.9873518766,503
40,-24,296123.379214833,239
40,-16,303358.7097079248,279
40,1,418246.7068641895,476
40,8,345514.380037738,333
40,-12,362289.7060947537,338
40,25,289778.5899462115,238
41,9,317680.1449867717,291
41,-22,298451.17603849585,258
41,25,277668.1014760021,237
41,-20,315287.5767643495,278
41,-8,378175.6711749554,383
41,20,428937.8314776357,438
41,-27,286500.36550686235,264
41,12,372780.243054578,352
41,-3,410379.0074331553,474
41,-4,412271.2635732432,477
41,-2,389613.7342444519,434
41,0,379870.2744839111,423
41,22,395659.70815038885,401
41,-5,416032.90565670206,470
41,-17,341902.96803794743,335
41,17,326685.00612326205,286
41,-6,412842.6440432075,456
41,18,409541.7635026239,402
41,11,372032.6145923446,352
41,1,387682.8207747671,434
41,-25,274132.11800664023,252
41,-11,447617.44167268625,469
41,-14,308287.3170436582,267
41,-10,434488.58493705053,463
41,-15,314763.994116299,296
41,21,424868.7173339104,431
41,-13,351848.54019871645,320
41,6,351203.7055812005,397
41,4,404202.66330688936,469
41,19,451740.06440253597,471
41,2,421487.5747995247,485
41,13,358477.4151942225,342
41,14,375259.85767933424,385
41,8,324507.8150723072,322
41,-7,383959.983516183,401
41,15,372699.12623851065,398
41,28,325245.19788288535,293
41,-24,259218.34291033522,213
41,5,382633.50290852535,434
41,-28,266628.15835701645,223
41,-18,333500.7563582046,311
41,-1,366763.4270503254,394
41,24,312680.737096733,274
41,3,407407.9496306748,467
41,-23,258756.7644398234,203
41,-19,318085.30287444463,288
41,-12,412246.41743078135,411
41,23,351359.7422595212,336
41,-21,295690.7572900297,249
41,-9,416607.7340155531,449
41,-16,347716.3582076455,345
41,16,355686.2767703203,362
41,-26,303987.38077016594,295
41,7,332306.80450583,356
41,27,303737.26916574966,256
41,26,262515.8916720844,202
41,10,368606.18651669053,347
42,17,383984.5966354856,368
42,16,382560.07039086573,379
42,11,397223.96251243877,389
42,2,384574.06015799113,443
42,-19,324985.31528571836,304
42,15,401233.326667893,421
42,-4,420071.41042072116,484
42,-3,412883.89625511935,481
42,13,394627.57505748456,390
42,-21,327771.6561186365,312
42,18,413923.5626523304,415
42,21,379737.1958756781,361
42,-27,272475.3839806523,255
42,-9,409373.612456639,432
42,-13,374916.0854851272,367
42,19,437447.8448432526,450
42,20,440560.0907277095,452
42,-1,368158.7399354756,411
42,24,305379.3897637723,271
42,3,377925.8862438856,427
42,-16,294579.7628591561,267
42,-22,326525.41748051846,313
42,7,377373.7163351117,377
42,14,404142.622116688,428
42,-24,241520.48114865637,196
42,27,288086.64956594433,240
42,12,387776.79101874813,374
42,-10,437174.6883273604,457
42,-17,301253.23253181484,277
42,-14,339589.33760420023,322
42,-23,247808.66716831064,195
42,-15,285639.44258524186,254
42,23,339332.2850856408,320
42,25,270925.19404877216,224
42,-20,325368.73612993216,302
42,22,369260.44854425313,357
42,6,389240.10961006547,404
42,-18,296483.40441699576,261
42,-2,393603.6558467674,449
42,-6,375047.62795211416,397
42,5,379799.21380192955,406
42,-12,421801.52955314866,441
42,4,388270.8950521593,439
42,-25,263504.3762093962,236
42,0,375858.00957464275,427
42,-7,352364.76000331755,350
42,-26,276174.8879690461,260
42,8,381488.72746502626,388
42,10,387499.7972857316,385
42,-11,410412.9338165727,416
42,1,384651.01908622816,441
42,-5,389702.29949303705,435
42,-8,360685.3298480413,358
42,9,389017.5309138233,396
42,26,277410.9148259631,238
43,1,379985.6120502228,426
43,22,357833.3318065506,341
43,-2,395773.118500687,448
43,-21,406334.9607785839,433
43,-10,385492.40640073054,376
43,11,410806.80794204737,417
43,0,403933.80655413837,456
43,-8,356330.61064464523,340
43,-6,367092.72682501265,385
43,-22,361896.18873754865,360
43,7,350944.4643111969,353
43,12,412057.7772520116,423
43,-14,358159.3136860849,367
43,-18,299055.16106038314,268
43,-15,337832.9034075943,338
43,3,367456.9727983284,414
43,-3,402488.5386622555,453
43,13,393750.48331973446,402
43,20,384140.00574357546,385
43,-12,375539.98559366754,375
43,-11,394735.9170283666,393
43,-20,332448.26004510076,313
43,-25,274408.6829541869,232
43,9,397870.295817012,412
43,-23,328538.23274086555,299
43,16,348946.56729047926,349
43,-24,314034.5203029774,277
43,23,332414.5026064489,298
43,4,363944.48998228105,404
43,8,361511.0117837195,356
43,-13,375244.8931384111,376
43,25,280827.434920526,225
43,15,352732.21234655706,368
43,14,385719.56561202946,414
43,-1,379730.64976114576,418
43,-5,366979.7618130929,391
43,5,357190.7080367253,385
43,-7,339279.3773371605,329
43,6,357988.8990520308,377
43,-17,306235.33885479195,292
43,10,401689.0589416904,409
43,17,355183.4192172616,327
43,21,385704.27780068654,386
43,-19,314919.71496691793,291
43,18,397453.1141771746,389
43,-16,306754.1683363345,292
43,-9,372849.968061701,365
43,19,397806.83909852843,396
43,-4,391401.0566953126,437
43,2,360284.4190695446,404
43,24,310711.4839218863,269
44,14,346371.54444051057,356
44,-1,402376.851202718,477
44,10,403982.4633699054,418
44,15,332175.737448303,334
44,-13,379667.0303403086,394
44,2,359668.1421099392,410
44,20,350407.6039793168,337
44,23,342576.04292304424,326
44,-9,357448.7603422409,340
44,-14,339495.9516529451,346
44,-20,397010.5046243287,419
44,-6,382292.6060649831,395
44,-23,360526.66458375455,345
44,-22,389307.9317325506,404
44,-7,378798.06940025813,389
44,8,347013.22929105046,335
44,18,379076.6972305861,374
44,-21,384041.76873221353,402
44,3,357607.4171353748,403
44,11,409053.417002324,434
44,-3,378744.70022826374,438
44,5,351941.3509081886,385
44,-17,338395.99930860987,345
44,-11,336501.3637498766,306
44,-16,345680.0573104692,350
44,-4,350726.02384565753,372
44,17,362008.21703560493,355
44,-19,370272.4755931085,385
44,13,374523.4812328513,395
44,7,339374.617499351,334
44,9,394000.98699248856,405
44,-12,336469.1953554569,315
44,21,349129.66912658117,345
44,22,345050.54539524147,335
44,1,379699.3830266652,434
44,19,379262.3127758195,378
44,6,357315.0532746462,383
44,-18,350193.75053341687,354
44,4,350828.9065710683,385
44,-10,334909.03893058223,309
44,-2,376678.73097032984,439
44,-8,350476.4793893122,335
44,-5,360322.1109912988,375
44,16,373680.6436204476,378
44,-15,345406.1837429203,353
44,12,402668.5870850542,431
44,0,403087.60189028207,476
45,-14,349928.9421369125,352
45,-16,389482.34348468576,396
45,-7,349036.8100457066,350
45,9,382232.90888919024,397
45,-15,381965.1326875995,399
45,13,360457.33892477,384
45,6,365802.9890178097,377
45,-20,364759.1260454124,363
45,2,373025.7124525873,427
45,17,373104.188745142,370
45,18,364336.6931115884,366
45,4,362365.12969373306,393
45,8,358155.55869377253,355
45,10,369394.64479985624,388
45,1,389240.7738515439,450
45,5,362253.8490265827,382
45,-8,345554.54013604845,342
45,-17,407171.561237987,433
45,-21,361728.9529227201,361
45,20,350220.3127009937,344
45,-12,323639.6316432921,286
45,19,359699.6043487963,364
45,-19,391894.2381296718,407
45,21,355703.93907557405,352
45,16,356218.3706445883,354
45,-18,410255.6500299269,429
45,-6,360084.1432768068,363
45,-5,327898.9508182002,320
45,-11,336879.3504029098,315
45,-2,379644.25433455064,440
45,-3,380706.08305848105,442
45,-9,343878.92737423844,340
45,11,376547.64544913365,401
45,-4,346900.2141594534,365
45,-1,394453.68414629274,456
45,14,371213.8675867251,395
45,15,351487.5673598859,356
45,7,338925.98462005734,330
45,-10,328810.83314993535,309
45,12,382035.68930964865,418
45,0,408885.41098870273,476
45,3,369444.453996175,421
45,-13,277743.37340332364,228
46,-9,332216.61045770824,323
46,10,352313.92486703285,360
46,7,345937.52165530785,343
46,16,360784.40839061135,372
46,-13,322445.66118013865,299
46,14,354800.77149039577,371
46,9,372733.82436075504,397
46,-16,409830.7130068434,435
46,-5,334688.2420954002,311
46,6,343570.6775107804,348
46,8,372420.46577073104,387
46,-8,324801.8512325839,310
46,15,339301.979558767,348
46,-4,342261.89166081586,319
46,12,373614.4625229364,396
46,-3,411875.28995052475,442
46,2,380158.31631575234,435
46,0,407011.95351971575,471
46,13,349880.72591445566,362
46,-18,398865.5417195062,420
46,5,361137.1458338758,382
46,-7,346646.5319315481,349
46,-6,318070.8684499023,306
46,-15,408475.7117188376,422
46,-17,436990.8683289604,479
46,-1,409294.30264694896,472
46,-2,410098.9922234618,460
46,1,391987.3833684988,446
46,18,353322.42998051713,366
46,17,357035.76363713894,359
46,-12,316779.8095978707,285
46,-14,369928.13093829784,358
46,-11,344473.4840722671,323
46,4,366736.2391651491,394
46,19,361604.17973956995,375
46,11,375137.7915329363,393
46,3,391053.372011551,444
46,-19,377735.36760458647,383
46,-10,343765.37436849205,334
47,7,344059.51762408705,355
47,13,360273.1874394931,377
47,-5,357748.4187239537,351
47,3,355718.8866284787,409
47,-13,354031.9880046258,332
47,-3,364217.55689571396,356
47,-6,383577.32218626316,394
47,-10,345337.2888733806,330
47,1,372445.74386804126,411
47,16,344693.22555149376,350
47,-15,407583.98926135077,420
47,6,328909.30954762606,341
47,10,351764.3273824794,357
47,-7,345670.18136663036,346
47,-12,339685.77798180934,316
47,8,327756.57131387125,325
47,14,360134.864792397,363
47,0,390902.32186193694,441
47,2,381958.1249721604,437
47,-8,321160.30236451817,304
47,-4,349340.6172283744,334
47,5,350033.6033855761,381
47,17,370328.69673155324,382
47,-1,405916.5939182562,460
47,11,380364.3592585652,398
47,-17,371583.2803939929,383
47,15,336969.1184133893,332
47,-14,378325.33736802964,376
47,-2,411539.4969268252,451
47,12,373345.53626453213,387
47,-11,364481.6701866578,342
47,4,339417.54947784526,383
47,9,343668.7927172721,346
47,-9,324363.6239552577,315
47,-16,383196.4152721681,397
48,3,349702.861872454,402
48,7,338963.00776157016,344
48,-6,320687.9631906658,318
48,5,329114.89732900023,377
48,2,360091.9792932209,400
48,10,332361.2259314307,304
48,0,365987.763698397,401
48,-5,300410.5488162256,293
48,-1,371337.82403702906,412
48,-3,317380.5921964021,306
48,-7,363481.50643310783,376
48,-14,364431.1466022811,358
48,12,361483.19708031544,358
48,-4,304617.59344900155,287
48,4,332089.5848733636,386
48,6,313243.38711492193,328
48,1,364305.28455099923,388
48,-11,412524.7157698801,421
48,11,355449.4535787975,342
48,-2,362623.37016742444,401
48,-12,401075.63990736287,393
48,14,350869.65254521667,339
48,-13,376560.5382325395,356
48,9,330321.6741164515,303
48,8,317933.92617272056,294
48,-8,370998.6715931234,383
48,13,374992.3311832565,381
48,-10,391203.42968606733,401
48,-9,378922.32351205416,393
49,-5,269167.9238519103,243
49,-9,330174.69506244635,317
49,-6,277925.5439697091,252
49,-4,269870.3571142906,233
49,9,370912.78224226664,354
49,-1,341966.8908893383,347
49,-7,294896.0704393701,269
49,-8,318190.69052548753,308
49,8,327348.02226497384,299
49,-2,325216.10858427716,330
49,0,347223.13478201634,367
49,3,339228.34221682494,380
49,5,320251.2558138714,342
49,-3,285826.1505398481,271
49,4,331009.9672284934,376
49,1,338405.4649462029,353
49,7,332469.4362608741,322
49,6,325289.33230666374,327
49,2,331760.8337489685,353
50,0,307747.678921854,316
