pxcor,pycor,Radiation,FullSunlight
"-50",0,260283.569133027,162
"-49",-4,231198.5285771852,82
"-49",-7,279980.5767451859,176
"-49",4,220104.07899332987,134
"-49",2,233804.1941315677,91
"-49",-9,253070.87613836981,173
"-49",3,218533.78530180195,70
"-49",6,195598.22831768522,134
"-49",-8,292299.13453767,217
"-49",-1,256199.79475970543,160
"-49",-2,230776.28417390422,147
"-49",8,182197.00651249784,95
"-49",9,227575.44052309712,160
"-49",-6,253980.81419435167,118
"-49",0,271888.3216361635,178
"-49",7,188629.76681989574,135
"-49",1,269992.21468233777,157
"-49",5,209663.90773622334,133
"-49",-3,237395.54877072264,138
"-49",-5,224426.6707692452,70
"-48",-13,195491.67413665104,115
"-48",-4,241019.3434437753,103
"-48",11,187731.58654372275,79
"-48",-6,243194.753342639,81
"-48",3,215000.53559832,83
"-48",-11,237484.59272119377,174
"-48",12,178108.96124342683,66
"-48",7,191492.4737317138,131
"-48",13,168154.20025508056,50
"-48",1,261371.36259486128,155
"-48",10,199777.1751131407,98
"-48",8,204378.76868409768,132
"-48",-7,251674.2681296497,144
"-48",6,193864.17054957905,125
"-48",-1,268792.47327939386,190
"-48",0,264981.57494492014,190
"-48",5,205830.61024843718,120
"-48",-2,261698.7736881497,172
"-48",4,210706.58648414197,119
"-48",-14,195355.39633360557,116
"-48",-12,210504.28626819854,119
"-48",-3,258188.82429733165,170
"-48",-10,248100.8793261118,204
"-48",-5,235226.0511717704,59
"-48",2,227144.65583015088,100
"-48",-8,246810.44767737645,166
"-48",-9,245546.06196085634,190
"-48",9,216739.6196802754,143
"-48",14,145460.33251509757,39
"-47",-15,190138.61291460146,85
"-47",-10,253774.87824961383,226
"-47",-16,178793.89337701784,39
"-47",-1,266577.4918731699,181
"-47",6,198981.95752203578,134
"-47",-4,240626.97325892627,125
"-47",-17,171973.82005091495,7
"-47",3,239130.7248751472,153
"-47",8,209055.3039502568,134
"-47",-13,198086.05049088591,112
"-47",-12,195156.2696046471,114
"-47",-3,273247.2860884905,182
"-47",0,264485.1987696363,188
"-47",-6,232848.4448584574,80
"-47",-14,200898.16530597693,109
"-47",13,157183.58794245194,47
"-47",5,213520.92509042137,129
"-47",9,228232.74128503865,152
"-47",14,142485.27671954755,26
"-47",10,217519.2666335105,133
"-47",2,234717.83565423335,119
"-47",-2,287025.0967953309,219
"-47",4,223960.30988338692,135
"-47",-11,241824.27518283934,214
"-47",-9,253351.43088661056,207
"-47",11,179074.88165471307,81
"-47",1,250850.55805572256,131
"-47",-7,241491.97139718058,131
"-47",7,212875.54477569796,147
"-47",-5,225917.14774178478,58
"-47",17,139638.75741398393,21
"-47",15,123344.02831552931,12
"-47",-8,245039.22057298408,162
"-47",16,127443.04678497471,12
"-47",12,166200.52891591203,58
"-46",14,143097.54960001848,24
"-46",5,240423.5373041341,159
"-46",-1,265125.59956449206,176
"-46",-9,262420.61664987943,222
"-46",1,255195.46693895728,171
"-46",7,231745.66979023337,166
"-46",-13,207955.38514964114,112
"-46",-15,185137.7987802639,107
"-46",2,246034.73774685277,156
"-46",-4,247321.14906909814,129
"-46",-7,259255.9589717383,149
"-46",18,141386.135670961,33
"-46",10,210670.7911541726,111
"-46",8,229362.29921289385,167
"-46",-11,237049.4619191619,195
"-46",13,159863.6892361465,47
"-46",-10,250324.9938885444,226
"-46",-12,218306.9433616072,132
"-46",16,139394.2997149453,27
"-46",17,147348.72329094357,34
"-46",-8,287203.295803863,220
"-46",-6,253345.43815744578,104
"-46",-5,239792.50238570507,79
"-46",11,193436.51265991083,81
"-46",-17,168629.90097632897,13
"-46",12,174594.44524553264,61
"-46",-2,261504.29299401774,167
"-46",9,211647.87541458447,127
"-46",-14,193116.57904525378,109
"-46",-16,178991.16846188426,51
"-46",-3,263766.26642358495,169
"-46",19,131977.28560394328,28
"-46",-18,167446.9055765951,20
"-46",0,274252.16622640064,210
"-46",4,233357.05486960697,143
"-46",3,238573.27440433495,146
"-46",6,227974.62649726192,155
"-46",15,134836.23452357482,13
"-46",-19,177739.77869007832,32
"-45",5,253634.7385631279,187
"-45",6,266375.7984598461,219
"-45",-7,316476.74968403653,221
"-45",-20,183349.02824113338,53
"-45",9,208899.30172834892,150
"-45",-17,177972.21883728035,21
"-45",-6,283907.19160017616,147
"-45",15,160062.1737085263,37
"-45",12,188337.16370661507,65
"-45",7,245662.4183279189,191
"-45",13,165825.17161902503,45
"-45",14,151539.77072837332,26
"-45",18,140927.4648653729,33
"-45",-13,201101.7161629039,116
"-45",-18,179706.8510747404,28
"-45",8,222242.29496208736,170
"-45",-1,274477.0611311679,168
"-45",-19,176268.05764500736,39
"-45",-4,280936.1145746381,171
"-45",-9,258697.58236188182,204
"-45",4,249405.1121354364,182
"-45",-11,233668.85764692383,184
"-45",-10,250078.94612113512,197
"-45",19,133775.9048700332,28
"-45",3,260350.09557977814,205
"-45",-12,226092.50843438867,164
"-45",0,276706.2709100249,196
"-45",20,120533.18743714337,23
"-45",1,259432.7800259596,175
"-45",-14,188512.33292727306,114
"-45",17,140330.38170228474,39
"-45",21,150747.9108104331,67
"-45",16,147642.93485139814,44
"-45",-8,298481.96331965167,241
"-45",2,255893.94333882548,185
"-45",-21,186972.5852522688,72
"-45",-15,199447.862136845,108
"-45",-5,276104.8269083288,157
"-45",11,195166.83452118546,78
"-45",-3,281554.150692669,176
"-45",-16,193956.57102541171,81
"-45",-2,271231.1910637404,168
"-45",10,206693.4378482358,117
"-44",20,113817.99593777172,25
"-44",21,117885.56502035452,26
"-44",-17,181251.7986677861,31
"-44",-10,238879.50200872138,188
"-44",4,283763.5157092555,268
"-44",18,136541.8810122521,40
"-44",15,175453.47400516592,61
"-44",-3,280727.6391930257,165
"-44",-4,289225.73625400563,173
"-44",-23,173834.51979202984,85
"-44",1,316980.2265731822,292
"-44",16,157351.31731153597,50
"-44",-9,252040.54540942633,182
"-44",11,206116.3180929858,107
"-44",17,144162.91189699448,44
"-44",3,292937.97858034255,272
"-44",5,278570.94790325477,260
"-44",19,123052.19841446783,31
"-44",-7,329948.8923643923,261
"-44",-15,216739.71256135282,126
"-44",6,276370.76116068487,252
"-44",-21,180954.26575474624,83
"-44",-20,175614.7352540525,53
"-44",22,170169.97596381695,78
"-44",10,237316.95217920796,174
"-44",23,187102.0863790461,101
"-44",9,200198.44130473194,137
"-44",-14,212263.41893780653,130
"-44",0,280628.4615644995,195
"-44",-1,286713.31713259633,185
"-44",-18,174619.88884322712,29
"-44",-11,231075.64054944305,179
"-44",14,183685.42568868134,50
"-44",-12,229994.39647402108,157
"-44",2,305998.0854895235,289
"-44",-19,182135.27196599427,53
"-44",8,199053.28018130347,146
"-44",-8,309325.90179398464,238
"-44",12,197115.96464348873,80
"-44",-5,306228.0285750996,202
"-44",-2,276282.5686450779,162
"-44",-13,217809.87574190742,122
"-44",-6,343110.644642251,256
"-44",7,240365.23494820023,186
"-44",13,177297.12341186588,48
"-44",-22,182044.8897423012,87
"-44",-16,200681.76134699746,111
"-43",11,237976.5336581316,166
"-43",-17,193219.87330935334,83
"-43",-2,287752.28350311506,188
"-43",19,121635.35263895518,34
"-43",21,112496.13533617358,26
"-43",-21,186465.66336909359,80
"-43",4,278123.6865297651,253
"-43",-11,228063.6883542089,168
"-43",1,298161.7341835892,253
"-43",-20,178726.50842642313,64
"-43",5,274264.571940205,247
"-43",-7,287243.990061503,224
"-43",7,222383.05395068187,160
"-43",9,238068.29427484696,175
"-43",23,180891.71492533013,96
"-43",22,160737.4833995419,73
"-43",14,206517.71204772487,87
"-43",-8,267979.867890746,213
"-43",-15,228174.66437767656,143
"-43",18,137480.6016967511,44
"-43",8,198564.7865459835,143
"-43",-4,283433.53451854916,187
"-43",-14,224271.52564153285,123
"-43",-24,163345.1655848844,72
"-43",-3,286272.279910188,188
"-43",20,113239.9196808139,35
"-43",-12,223515.12728451172,146
"-43",12,209979.81860425192,111
"-43",2,291240.9163247279,255
"-43",17,152497.57836281025,50
"-43",3,283761.76967806247,254
"-43",-1,315887.6492292604,258
"-43",-22,177752.2823191329,78
"-43",16,164365.84823439442,54
"-43",-19,186789.1789065561,75
"-43",0,317113.4522281284,264
"-43",-23,174945.65202458831,75
"-43",-18,196284.6383865915,56
"-43",-13,222735.66396948736,118
"-43",6,248690.35235554652,195
"-43",13,206371.49237050468,66
"-43",-5,284011.38817951625,194
"-43",-9,241071.27002181456,177
"-43",-10,234337.17951175635,165
"-43",24,195600.02961764022,110
"-43",-25,157295.80032703452,61
"-43",15,179027.17032107373,61
"-43",10,257940.5791706723,199
"-43",-6,302303.2896336399,229
"-43",25,146617.89248156935,43
"-43",-16,214616.30445273264,142
"-42",-22,196579.7814734592,96
"-42",-26,155670.671250598,44
"-42",0,277796.9263111088,185
"-42",7,225911.23221429516,154
"-42",14,217692.67784261287,111
"-42",-23,184335.11865347927,78
"-42",22,121874.06552217396,16
"-42",-3,306313.1374037383,252
"-42",3,279802.6867523848,245
"-42",10,268043.42485368456,207
"-42",-15,206542.66048915405,109
"-42",15,186806.3489873409,68
"-42",16,171121.95229004364,56
"-42",19,129840.76174977809,39
"-42",1,291340.30679402355,239
"-42",21,125225.843045279,23
"-42",-16,207184.13116959584,110
"-42",17,163045.2529030315,50
"-42",-14,200748.0220120565,110
"-42",6,240798.27747335492,166
"-42",24,122312.3792238713,11
"-42",-8,241830.38111470747,183
"-42",-5,298193.9654610211,238
"-42",-19,216754.13049741054,127
"-42",18,140116.16459536584,46
"-42",9,230878.98431484398,151
"-42",-4,302674.366569944,252
"-42",-12,221314.0153810259,136
"-42",-11,222177.18270598765,157
"-42",-25,168136.40448326123,50
"-42",23,117284.62094646621,12
"-42",20,126922.20274603897,48
"-42",-10,227300.24643202548,156
"-42",12,240119.57050655986,159
"-42",13,233166.290361977,130
"-42",-21,197059.17774343555,99
"-42",-27,155153.60690611144,48
"-42",-2,308047.69378785824,243
"-42",-17,226367.07691870493,129
"-42",-20,193086.5000420672,94
"-42",25,112965.75979589816,6
"-42",27,101662.73509729942,1
"-42",5,247745.7481454516,194
"-42",8,215541.76235885074,145
"-42",-13,220008.5458050125,110
"-42",-9,234689.11838217406,173
"-42",-24,158582.05864827172,55
"-42",11,286527.6626806123,237
"-42",-18,215812.39840840854,114
"-42",26,110640.41286785676,3
"-42",-6,281139.88885912864,221
"-42",2,285588.38709198614,241
"-42",-1,270571.05747493275,165
"-42",4,269399.41430803813,240
"-42",-7,268532.1140003296,232
"-41",10,257593.34579634678,208
"-41",24,165336.10215266288,69
"-41",-7,273538.46327801404,251
"-41",21,141341.32518961848,49
"-41",-25,183966.3163456754,76
"-41",-12,216720.4746513491,117
"-41",-26,171532.54271395892,57
"-41",11,244621.77394351317,189
"-41",-5,295742.9010740464,259
"-41",-20,212099.3059566596,109
"-41",0,261595.65214667754,155
"-41",25,177912.06635818514,92
"-41",18,142340.30108716586,50
"-41",-2,281559.9409325036,179
"-41",-11,221279.96188498687,131
"-41",6,236280.8917510899,151
"-41",-23,237438.0411802231,145
"-41",1,281743.62729243585,231
"-41",15,199904.2113689653,95
"-41",-8,261142.07644930575,210
"-41",-14,190769.00247277238,111
"-41",-18,215794.063009515,115
"-41",-1,272303.52095589053,156
"-41",-4,305413.2114358871,259
"-41",-15,202581.76933193454,110
"-41",-10,227000.55997013862,150
"-41",-17,207439.7723523234,119
"-41",27,128847.46273408447,44
"-41",-21,207328.55077190412,110
"-41",2,281913.9299723755,240
"-41",17,157719.4743410777,57
"-41",9,250582.9768671224,183
"-41",-22,220382.39926293216,118
"-41",4,251431.47737346808,210
"-41",-24,209799.56210426576,116
"-41",28,134821.91776829056,32
"-41",-27,177679.36843814322,48
"-41",-19,218140.26844654488,103
"-41",5,242230.6004588069,175
"-41",-16,208850.22423795713,114
"-41",22,133133.3441604708,40
"-41",-6,282607.92896808893,245
"-41",26,146587.20603670762,64
"-41",7,230910.2616302521,146
"-41",13,216027.70493414463,108
"-41",12,226834.40979788132,126
"-41",16,176893.44396368024,64
"-41",8,233266.4499932172,151
"-41",-13,210140.09396932984,128
"-41",19,138889.59617938122,62
"-41",14,212597.82074597312,104
"-41",20,127610.97826363704,49
"-41",-9,230308.7141155728,168
"-41",3,277672.1227965367,248
"-41",-28,178989.68936610204,52
"-41",-3,291655.1133516556,209
"-41",23,135893.1382643229,35
"-40",-10,237236.11473025425,148
"-40",-26,203366.26504773743,111
"-40",0,262818.8989063943,167
"-40",29,155137.49406044066,48
"-40",13,212801.74657311908,115
"-40",5,240175.0329225534,166
"-40",27,132383.83757198032,48
"-40",-14,200598.1531862875,125
"-40",17,164315.45730596187,86
"-40",-12,213170.26390170222,97
"-40",-24,195567.69545688952,106
"-40",-5,317905.1063061177,295
"-40",-7,326778.9649224754,327
"-40",20,127140.40698515232,57
"-40",-19,204226.74187861456,116
"-40",16,177692.55402872682,87
"-40",-11,230451.93648827155,124
"-40",22,158106.62141763442,74
"-40",-27,220684.03972603934,122
"-40",-1,271977.2236735952,164
"-40",-28,205218.46373752377,86
"-40",19,136974.99705949676,67
"-40",7,283570.1314078904,221
"-40",-4,305871.6119042236,249
"-40",-15,191485.7438715629,112
"-40",-9,236843.15031437785,166
"-40",25,175156.45079150985,100
"-40",-17,188213.18413435694,109
"-40",-20,207560.31873054898,95
"-40",18,147800.2179118251,81
"-40",15,194887.59665989908,90
"-40",-16,188409.53941137175,114
"-40",21,115752.21948579256,22
"-40",-6,322265.8500475889,319
"-40",-2,282766.50336912886,190
"-40",10,299553.40858314815,292
"-40",4,248099.91555906803,198
"-40",-13,206946.29262578738,121
"-40",-23,230830.6987006114,138
"-40",28,147795.01216301022,38
"-40",6,290238.38085983996,230
"-40",-3,286036.08569797646,195
"-40",-22,226875.7758351036,123
"-40",11,279174.5969392022,229
"-40",-18,195862.81138235965,112
"-40",1,266796.00585166976,216
"-40",-25,189491.72726477624,108
"-40",30,151871.67960044337,37
"-40",12,235229.872257954,149
"-40",26,140931.15853146143,66
"-40",14,202101.5528016427,89
"-40",8,276857.10360618494,238
"-40",-29,196076.48935751812,93
"-40",-8,292859.4970705569,259
"-40",9,279776.4495730378,283
"-40",24,199934.72808311757,117
"-40",-21,207925.61459971027,110
"-40",2,281367.0614378745,260
"-40",3,278572.05473853956,261
"-40",23,187088.4256971034,102
"-40",-30,164600.33052173138,70
"-39",-15,208104.63446357677,142
"-39",-25,210640.62067463284,112
"-39",21,114874.80244924982,24
"-39",-21,204675.70915696022,102
"-39",16,170834.21393569192,77
"-39",26,139512.79446125255,62
"-39",-11,230338.71180110596,125
"-39",30,150536.96259597738,36
"-39",24,201948.02317498415,132
"-39",3,270423.9570134618,247
"-39",-24,214831.95076869818,105
"-39",-1,273517.58344240754,165
"-39",-16,182817.42852125526,115
"-39",7,307783.66149004427,264
"-39",-26,218528.83591637103,126
"-39",5,292150.9158906636,251
"-39",-6,389683.1272184874,427
"-39",-3,295534.9616899089,203
"-39",-14,227848.11505907026,155
"-39",10,331883.1881813711,326
"-39",-19,205016.88840801973,122
"-39",13,235722.56641811848,151
"-39",9,304178.68191764527,308
"-39",-12,216640.6046474161,80
"-39",31,190626.68697014384,80
"-39",18,145641.97176863422,76
"-39",-13,219629.08162879298,130
"-39",-29,207147.79936790347,105
"-39",-27,248405.84998780178,170
"-39",-30,150283.59094656972,40
"-39",17,159488.06265090068,76
"-39",-20,213967.50895929337,136
"-39",-5,356523.56841630023,348
"-39",-31,134366.8941278632,37
"-39",12,285791.9223944409,224
"-39",4,282681.08175759815,247
"-39",23,188682.1927144995,118
"-39",-4,326046.7810117824,263
"-39",0,274094.8552570831,204
"-39",27,128329.45605490565,42
"-39",25,168137.8422135572,90
"-39",28,149329.2573368494,36
"-39",29,146128.0753541456,38
"-39",-17,181670.8688713051,113
"-39",11,326649.38747960643,289
"-39",20,124986.37900062397,42
"-39",22,156417.6821775177,74
"-39",19,130729.06498788399,45
"-39",1,278063.9135819989,257
"-39",2,279981.6633174938,275
"-39",-23,213553.0187275939,95
"-39",-8,325506.8832621352,315
"-39",-28,240098.4257668804,153
"-39",8,311463.4795707425,321
"-39",-2,283586.6483275444,172
"-39",-10,248363.0715421995,152
"-39",-18,196764.6502241681,117
"-39",-9,251316.05776731268,171
"-39",14,204333.7682351143,101
"-39",-22,203080.48731862122,86
"-39",-7,368846.256293258,395
"-39",15,180843.8099400132,68
"-39",6,303130.48832227016,254
"-38",-15,235606.01609811862,170
"-38",25,163801.95495740304,85
"-38",-27,215058.88654963273,118
"-38",-24,203085.5080845404,69
"-38",-20,215193.06651028755,146
"-38",32,257461.10690596653,163
"-38",-19,212690.85581034343,132
"-38",24,198692.5427714057,129
"-38",-6,351208.7004885185,351
"-38",26,141909.22954168599,55
"-38",27,132892.7355854671,39
"-38",29,140634.4554054873,37
"-38",-21,223394.1620258105,165
"-38",-1,272767.40988662944,166
"-38",-31,132011.8171044933,29
"-38",7,352019.69276209373,372
"-38",31,207809.96305920978,101
"-38",-26,195928.7907197283,77
"-38",-16,194773.0696896735,123
"-38",21,129804.92809439136,55
"-38",12,312256.76429864706,257
"-38",14,286978.93207864976,201
"-38",-18,198829.07512615877,126
"-38",3,315046.67521503614,330
"-38",30,148501.1143544672,32
"-38",16,192962.78419174082,97
"-38",-7,350986.9994392586,342
"-38",-13,216834.13884912696,99
"-38",11,326251.1816765469,279
"-38",17,177612.32525156924,90
"-38",-29,197436.49971643745,103
"-38",13,298174.9412529577,224
"-38",-8,338845.62852971937,319
"-38",9,334358.10873740725,319
"-38",-4,301381.0099076447,240
"-38",-22,207617.72232647103,103
"-38",4,314615.77681191836,299
"-38",6,325381.2658041732,305
"-38",22,160580.22973228226,87
"-38",-10,253426.05329382536,158
"-38",-32,110501.67909251312,4
"-38",-12,211579.03171171274,76
"-38",-5,342535.22482726787,326
"-38",-23,198623.67838115964,65
"-38",-2,285314.31673001393,179
"-38",28,131105.52847978947,35
"-38",20,133886.18677160837,53
"-38",2,277273.63046112884,257
"-38",0,290400.3815227481,259
"-38",-25,194401.4671967782,80
"-38",-11,226132.06015497493,124
"-38",-14,230430.49524910597,150
"-38",23,182409.39229391198,112
"-38",-30,163363.10291870267,72
"-38",-3,286833.0831045812,202
"-38",5,321253.194380123,303
"-38",15,222833.47930806628,122
"-38",19,147309.0354510611,60
"-38",-28,215870.34128732997,115
"-38",18,165199.3140893112,67
"-38",10,343235.60294701083,303
"-38",-9,301990.83549662505,261
"-38",-17,188324.96684882525,122
"-38",8,345485.6059566311,367
"-38",1,285779.6442230828,261
"-37",-13,210315.28352349476,72
"-37",9,298938.35536423343,232
"-37",23,126696.8390909295,42
"-37",13,224902.01110750763,114
"-37",1,290812.90274468996,273
"-37",-4,315579.18488305405,263
"-37",18,157323.1575060417,65
"-37",-19,221177.847385199,159
"-37",-14,230012.98110519443,134
"-37",-17,204882.77425585617,148
"-37",-29,210586.42753246118,110
"-37",3,347037.988399197,369
"-37",12,267242.08196293196,174
"-37",14,208563.6374737686,86
"-37",-28,220243.0580238579,113
"-37",-9,291478.954231826,248
"-37",6,343813.5399160437,357
"-37",24,124458.43876140327,36
"-37",-18,213907.93069706985,152
"-37",19,154009.6236059948,77
"-37",20,143970.3542112726,67
"-37",-31,157669.54151142834,69
"-37",11,289118.15097385255,198
"-37",25,119868.98592830416,27
"-37",-6,327872.7335375121,319
"-37",4,342152.9631140171,352
"-37",22,129144.67038895069,47
"-37",-20,233003.9057135725,186
"-37",-27,206020.94107066086,97
"-37",-7,327193.0154848903,304
"-37",-2,287036.8918008547,214
"-37",0,298683.0098535518,274
"-37",16,179124.20860884772,64
"-37",-11,230120.26862591458,135
"-37",-15,235463.9004763492,163
"-37",-30,191192.54299305196,105
"-37",15,187664.8015228191,70
"-37",-23,220724.13204244885,123
"-37",-25,173720.7827687653,30
"-37",-16,204846.251913322,144
"-37",-22,228897.90053140078,150
"-37",5,340573.9887040556,352
"-37",29,133324.18626905122,21
"-37",7,321905.2172002,313
"-37",28,134212.9695189442,51
"-37",2,321101.12729044957,329
"-37",-3,294993.9386923768,227
"-37",-33,118979.98775515251,14
"-37",17,172904.12102444214,65
"-37",21,134305.77788842854,56
"-37",8,309597.08980269555,285
"-37",-5,359008.96572220646,358
"-37",10,338464.8926921639,263
"-37",27,111771.39434767641,23
"-37",-21,231420.55280784908,168
"-37",-8,310202.96816173627,279
"-37",33,278602.28467762173,216
"-37",-1,301092.1356238028,273
"-37",31,173753.98264867332,45
"-37",-26,166567.49492113155,20
"-37",-12,209961.8764043749,87
"-37",-32,118582.03135558085,9
"-37",-24,209290.5566045616,76
"-37",30,144364.55660456448,18
"-37",32,217307.41430283157,117
"-37",-10,266200.72115760314,210
"-37",26,115867.3346628975,23
"-36",10,311513.5512655278,222
"-36",33,241381.99956004793,154
"-36",30,156319.3365248897,20
"-36",21,138978.50671317632,60
"-36",-9,291525.5158513178,238
"-36",1,279259.08844359266,262
"-36",3,338156.17192907416,355
"-36",8,326756.15043904586,266
"-36",-21,237658.42442890012,183
"-36",0,291576.1035207758,275
"-36",-26,160687.51659070494,6
"-36",23,127480.59709959131,47
"-36",-15,233077.9447310601,164
"-36",15,204241.3481299312,98
"-36",2,298472.1305500505,290
"-36",24,143402.79683720556,58
"-36",-6,325127.04572630377,304
"-36",29,137099.1500224544,22
"-36",-3,363833.87544557813,354
"-36",-32,174707.78443556474,99
"-36",-30,197549.6479170593,110
"-36",9,312760.88712788053,227
"-36",-5,364715.51274602395,363
"-36",-20,240621.34891121875,202
"-36",-8,313949.5855248265,272
"-36",20,143909.92563878448,69
"-36",18,168160.77550997568,91
"-36",-19,241484.63588582983,211
"-36",22,135750.11203121158,56
"-36",-12,227243.19355657115,110
"-36",-23,215528.97268973477,109
"-36",14,231100.45063954685,104
"-36",19,151028.46321339402,79
"-36",-13,214104.29478570443,67
"-36",32,210458.47234197328,113
"-36",-1,319794.2872899217,309
"-36",28,119588.45854142738,25
"-36",-17,220181.29029526704,181
"-36",6,303380.41001072625,297
"-36",-10,254769.96132689525,182
"-36",-14,253612.27835157426,144
"-36",-31,184382.08787133644,95
"-36",-18,234451.29553341432,186
"-36",-29,203371.8973532864,95
"-36",-25,168953.16184750406,17
"-36",-34,138861.86337417673,41
"-36",26,127890.3236328418,33
"-36",11,324024.1481222568,239
"-36",7,340265.74644475215,339
"-36",17,192431.23813638746,112
"-36",31,183635.25852041406,50
"-36",-7,327579.14226110675,296
"-36",-16,217739.6050626796,163
"-36",-4,359488.05886808044,347
"-36",25,139375.59133729438,49
"-36",-2,359478.8530547469,358
"-36",-28,171786.36986218265,31
"-36",-33,122907.94705278976,13
"-36",16,195458.02635156809,99
"-36",-24,181241.73071233122,40
"-36",27,113756.94467501435,28
"-36",-27,169694.37869337457,11
"-36",34,293607.2900016747,199
"-36",13,245257.2939098552,127
"-36",-11,244176.49965289512,166
"-36",12,279101.3590236531,176
"-36",-22,228660.7094169001,151
"-36",4,336850.8702370431,341
"-36",5,338022.37877611385,350
"-35",-26,166771.20577054523,36
"-35",16,224110.65813690834,149
"-35",-31,176121.1553480862,104
"-35",18,168719.50637718991,94
"-35",17,195931.43313129825,116
"-35",-7,332698.5801051785,286
"-35",-28,149679.2571166082,13
"-35",27,144234.5772311473,59
"-35",4,339348.0967254365,349
"-35",3,322368.66331233445,336
"-35",7,344573.0176974522,352
"-35",5,319030.8964608382,316
"-35",-6,334038.7979399314,299
"-35",-17,236525.7344568908,203
"-35",-21,235649.10707510027,187
"-35",-27,147346.51735046497,5
"-35",-29,159608.120868991,39
"-35",-23,226595.92750204742,135
"-35",0,286264.9456770022,264
"-35",-12,245454.89718096456,155
"-35",-18,245236.91243211503,222
"-35",35,334632.58402816695,252
"-35",-24,208834.50398840854,80
"-35",-16,228572.3358941026,174
"-35",1,275251.2411873873,256
"-35",-19,239767.52699634744,214
"-35",-22,233606.9700708067,164
"-35",22,181839.2134424927,117
"-35",-30,171924.71015090245,88
"-35",2,266907.2717901133,238
"-35",6,330007.36794970534,332
"-35",34,303720.4083149784,220
"-35",-10,256127.5224424131,172
"-35",31,196382.37062918753,82
"-35",-5,377869.95700648933,374
"-35",21,142644.77539496598,69
"-35",-15,218308.96167002028,134
"-35",15,259121.09178925437,198
"-35",14,259914.90949743806,173
"-35",-20,240827.74166216294,204
"-35",-3,367024.0433935114,365
"-35",20,139960.86740583708,73
"-35",-11,249773.0943514257,162
"-35",-34,147221.36607162253,65
"-35",-25,198380.7983547349,51
"-35",9,317409.2724177242,238
"-35",-33,163875.30524961918,74
"-35",-2,324945.35357364727,306
"-35",29,160713.30318074144,32
"-35",-14,256738.05654875134,124
"-35",32,211209.4338341156,101
"-35",13,319725.50978106435,263
"-35",-8,321983.5698157454,265
"-35",30,170647.05894114304,25
"-35",24,218732.31161616097,148
"-35",19,149076.9552382171,82
"-35",-1,299410.47559453914,278
"-35",8,336322.70795037923,284
"-35",23,202109.79883973047,137
"-35",25,187733.35726290016,103
"-35",10,323137.3611918198,251
"-35",-13,223046.80830936308,78
"-35",28,141164.17174762342,44
"-35",-32,190991.5098208893,142
"-35",-9,307602.6218346882,255
"-35",26,163403.0388947978,77
"-35",-35,127036.12010700576,40
"-35",12,338680.26398401,280
"-35",33,224269.04365377393,112
"-35",-4,370290.37460835895,364
"-35",11,329555.3199638243,255
"-34",-34,147689.32261879797,51
"-34",6,351584.64561260975,360
"-34",-25,211326.07050177566,107
"-34",-35,168064.01800470188,64
"-34",-14,269978.6971648576,162
"-34",16,258197.52225386037,192
"-34",34,297423.5777724309,207
"-34",-28,140042.72369972215,17
"-34",30,198705.08511238437,61
"-34",-24,221802.6514078063,109
"-34",-3,352148.5135781959,346
"-34",-9,324264.1585873177,282
"-34",10,378784.68216739775,344
"-34",32,261137.12254135121,171
"-34",-15,272131.2387154397,181
"-34",-10,256956.1416235174,174
"-34",9,357108.8776713453,298
"-34",29,180652.6202751677,47
"-34",-17,244645.41885892276,226
"-34",31,223500.55331403585,124
"-34",-16,252478.85098087226,222
"-34",-12,249979.59156014535,166
"-34",33,272929.4229074224,194
"-34",-26,194130.17681106512,94
"-34",28,164232.01574345757,54
"-34",-23,231487.44512825648,150
"-34",19,162594.08806279427,100
"-34",12,376978.8709064708,370
"-34",5,331978.8239710052,348
"-34",-11,248375.81183384405,159
"-34",-8,363332.3312860372,322
"-34",-27,168097.07934496235,47
"-34",-1,293142.3832894524,270
"-34",13,402131.04422409966,422
"-34",3,309292.3210254207,321
"-34",15,293741.20530662546,257
"-34",0,289615.05083098175,263
"-34",-19,247425.63245272657,212
"-34",36,336688.2557641911,233
"-34",-30,156304.57277270828,74
"-34",4,344372.440227487,381
"-34",-13,264870.84331664833,178
"-34",-33,165187.70551116523,70
"-34",-2,311119.8085154538,296
"-34",-6,381809.3810984255,353
"-34",-32,193871.5780287769,131
"-34",27,158897.01677067758,63
"-34",-4,388735.17673342733,397
"-34",-7,351528.63364707195,306
"-34",25,200475.6705436994,100
"-34",1,280682.0474188872,259
"-34",22,185584.63850768242,118
"-34",7,361958.79376404925,340
"-34",2,287359.315180785,276
"-34",-18,244482.94945973676,222
"-34",-22,237984.38051261447,176
"-34",-21,242248.9837859901,186
"-34",14,368962.7955757642,375
"-34",23,218909.58576417665,143
"-34",11,382411.0071582358,361
"-34",17,221737.0466451609,150
"-34",18,186342.46557894239,118
"-34",35,319264.8227168402,214
"-34",20,155787.5599460645,90
"-34",24,241786.35520210624,154
"-34",21,147394.27390923447,74
"-34",-36,178256.85172596885,93
"-34",-20,246271.72706558352,200
"-34",8,370403.3235851249,323
"-34",-5,401851.7312594488,399
"-34",-31,183112.81593358057,123
"-34",26,174874.72549945014,77
"-34",-29,145697.84577170273,42
"-33",5,364437.60867844586,400
"-33",-16,254913.85461807656,214
"-33",24,167497.04946059754,58
"-33",-12,248639.2561909091,163
"-33",16,253017.522312573,199
"-33",18,218813.06827550943,170
"-33",29,232221.62637142438,129
"-33",6,373265.1126645364,393
"-33",-32,151444.4555390404,51
"-33",-10,255158.7180160531,148
"-33",-1,298193.69158523873,276
"-33",-18,241967.26327935857,220
"-33",-30,135200.29840263136,33
"-33",2,317510.3479610592,323
"-33",-20,255781.62615687304,199
"-33",-8,329724.59754898684,255
"-33",35,324193.40246317623,209
"-33",-19,252967.84561903673,212
"-33",17,226556.15713806002,162
"-33",22,172992.02896589943,80
"-33",-23,225577.79414269378,149
"-33",36,311994.35214031965,181
"-33",10,437939.6350601106,449
"-33",-17,235064.91153531408,211
"-33",25,168842.15652396413,52
"-33",13,331968.81866948534,327
"-33",-15,275972.08690719353,195
"-33",-34,139351.13232997243,31
"-33",-13,261787.57050838147,175
"-33",-28,164304.2129753834,64
"-33",3,328709.69167928526,359
"-33",23,178597.95409895375,66
"-33",-31,154610.37426614232,73
"-33",-26,200471.518700226,105
"-33",31,265333.5652217653,161
"-33",-36,208743.62070819535,123
"-33",-11,249517.62589913356,154
"-33",34,310279.20183642127,198
"-33",-21,248946.4551462826,183
"-33",12,358173.36793613026,354
"-33",-6,420465.9678314517,415
"-33",-37,198683.7479880785,99
"-33",32,289284.61463862186,210
"-33",0,290479.0736745913,269
"-33",28,175929.60256041077,52
"-33",27,181239.33949322833,69
"-33",-4,420356.0702956832,445
"-33",-9,292305.99075355096,217
"-33",-25,213386.02854919617,113
"-33",37,275869.44220233377,132
"-33",15,293502.91787257075,264
"-33",-35,152556.3527975012,48
"-33",-27,175185.631937234,88
"-33",33,270301.3317061433,163
"-33",11,382394.8114978592,384
"-33",7,379050.1014071084,363
"-33",20,190322.67869480347,128
"-33",9,402617.1135583258,379
"-33",-24,197489.83808240533,95
"-33",-29,133276.91889679752,19
"-33",30,275294.8482166361,183
"-33",-22,238598.5378643906,171
"-33",-3,360443.8948967254,351
"-33",8,385853.83936839714,345
"-33",26,172520.3096591873,61
"-33",19,209983.0537936969,156
"-33",1,285612.51436434296,251
"-33",-7,382386.9027099126,345
"-33",14,325004.9674714022,328
"-33",-33,132975.43758094852,23
"-33",4,359013.59390346706,415
"-33",21,181458.7936704411,101
"-33",-5,420063.90746775136,423
"-33",-14,280191.22177459113,202
"-33",-2,318949.100133838,303
"-32",-29,155407.77893589067,51
"-32",-17,237419.14895505452,184
"-32",17,252115.20440947497,207
"-32",15,276967.3102959869,252
"-32",25,159593.23179843122,54
"-32",-9,289621.64748161554,206
"-32",-37,204484.41534779707,120
"-32",2,333730.0098017149,357
"-32",0,302294.48939483496,304
"-32",18,251859.63604169877,215
"-32",-28,168172.93333256093,79
"-32",-30,119978.3383553772,15
"-32",14,310459.034465017,302
"-32",-24,205089.70354867136,84
"-32",-38,194153.71422640755,95
"-32",-11,251536.59124388578,150
"-32",-5,406795.95438130957,422
"-32",21,175908.57750427,102
"-32",6,427146.2152872433,482
"-32",27,159411.30496394992,36
"-32",-13,259158.4836120297,172
"-32",-3,384670.0362586217,407
"-32",24,175350.69560280262,64
"-32",22,182310.0122851574,83
"-32",10,361398.38409000525,339
"-32",-16,239271.39651344906,185
"-32",-10,258494.20052951196,144
"-32",-26,198441.54063965546,114
"-32",-25,215978.92041339603,121
"-32",7,418656.7039517645,437
"-32",-31,138715.71158789188,40
"-32",-15,262099.64387748632,188
"-32",-20,244160.67384418828,184
"-32",36,304220.29789007956,159
"-32",32,269118.32480728795,185
"-32",38,236864.83636154144,95
"-32",26,162244.36231290994,42
"-32",-21,247597.4501507731,183
"-32",20,194198.9259284532,139
"-32",4,397671.82404500816,459
"-32",-4,416104.5058545732,448
"-32",28,166214.07481862785,35
"-32",-12,255157.87840749265,168
"-32",3,329779.57069497305,357
"-32",-14,276667.6959330928,198
"-32",-18,228407.73984396743,192
"-32",19,226511.2494634583,176
"-32",-23,232682.51477748205,153
"-32",29,189434.52806883614,84
"-32",-8,345690.5325856023,300
"-32",-22,241902.78867896498,166
"-32",5,403594.0010934509,465
"-32",9,378164.7876530167,358
"-32",1,330974.0868241374,358
"-32",31,216909.03389190184,107
"-32",-35,171167.2844512781,68
"-32",-7,377956.0126354487,346
"-32",-27,181093.27148788705,103
"-32",23,175131.51168931794,69
"-32",37,286648.17946105485,152
"-32",-1,311561.29028927704,307
"-32",-34,149427.55926717192,35
"-32",-19,239875.45034670315,188
"-32",11,343649.5694136278,331
"-32",-36,209656.30164973057,127
"-32",33,257727.46317307645,134
"-32",16,256419.7008624706,227
"-32",30,201350.2728530849,90
"-32",-6,401424.6542594052,390
"-32",34,311096.24140807317,194
"-32",-2,335954.999659063,337
"-32",-32,136403.06759443725,44
"-32",-33,118342.40949347471,13
"-32",12,335317.24459632224,319
"-32",35,304213.3848730196,176
"-32",13,327077.1162525996,308
"-32",8,402242.26983434084,392
"-31",35,276292.0938954992,137
"-31",36,286060.09454186977,138
"-31",17,277432.7414211155,257
"-31",-16,245545.1322504969,179
"-31",-14,308295.59847949434,253
"-31",-37,162339.24806298822,60
"-31",-17,257667.5297346052,202
"-31",-23,210094.5461391554,120
"-31",-12,274005.8596685097,170
"-31",16,267685.4317570374,236
"-31",-10,274239.5748941255,186
"-31",-11,254450.15482660665,151
"-31",18,253139.6675006898,226
"-31",-34,124635.25961137132,34
"-31",29,205479.98980159027,96
"-31",10,386679.8581957287,369
"-31",22,192862.85525864077,108
"-31",0,340419.22235079476,372
"-31",-29,170432.35717981902,85
"-31",23,182244.972170583,86
"-31",30,217394.12198146447,118
"-31",-2,385065.40447821707,421
"-31",-9,297796.19124562555,227
"-31",-21,232329.0351075468,147
"-31",-28,182075.6292321091,105
"-31",37,284451.2744948307,140
"-31",11,359304.0905190859,336
"-31",8,424644.54532035673,424
"-31",-4,432155.17290670803,481
"-31",20,203749.542990029,141
"-31",19,229864.51960019817,179
"-31",-19,240789.57287274543,183
"-31",32,240176.01802078425,127
"-31",12,344867.43010503275,317
"-31",-27,192857.41927796448,112
"-31",-24,198259.93499674744,83
"-31",-39,227129.8335074516,143
"-31",4,418509.3004712379,480
"-31",2,330566.9675883636,359
"-31",5,427800.7283029348,491
"-31",6,397256.6123029668,451
"-31",-20,238061.54363550738,165
"-31",-13,269893.29900917696,201
"-31",-35,149611.9525208389,65
"-31",28,179087.0976646434,40
"-31",1,330916.3194125457,360
"-31",14,318284.6591651194,303
"-31",39,204167.0042154538,64
"-31",3,332040.06610935845,360
"-31",24,179020.4323910234,68
"-31",-36,185211.92018499607,100
"-31",9,402515.3680240687,385
"-31",-7,376016.3668887456,365
"-31",7,414589.2825527453,438
"-31",31,216771.1718402203,94
"-31",-1,366879.893089573,410
"-31",27,163976.4884950474,40
"-31",33,248363.58307263858,122
"-31",15,283951.2118012498,257
"-31",-30,154651.8740672401,55
"-31",38,231840.4113663875,82
"-31",-32,122451.36472712565,37
"-31",-38,185484.73180919306,91
"-31",-3,409672.75042675907,449
"-31",-25,205919.91215308596,108
"-31",21,200867.65059166602,133
"-31",-5,401117.10222188063,424
"-31",-33,112011.62429945018,15
"-31",25,180880.0680703075,54
"-31",-6,394958.1360246781,397
"-31",-22,219632.81638793804,131
"-31",34,278402.38006387703,152
"-31",26,168806.37900529374,44
"-31",13,330898.58804682706,304
"-31",-8,351490.0449654063,317
"-31",-31,129856.41134778202,41
"-31",-18,289376.46166660107,294
"-31",-15,244069.2274960171,174
"-31",-26,204339.90851691458,119
"-30",-24,190099.48506225372,87
"-30",27,185039.46714899398,53
"-30",-36,196708.1747769275,134
"-30",-35,195415.8986827759,132
"-30",-25,176341.4912863921,69
"-30",-29,203528.92189972493,140
"-30",-3,440414.5778814431,502
"-30",-40,238511.47247011325,176
"-30",-13,287144.70961261826,205
"-30",-14,330653.81133890274,281
"-30",4,416201.52145772055,478
"-30",19,237061.73039820688,205
"-30",3,352581.3486449019,392
"-30",-17,289402.05144172435,258
"-30",31,219489.02185082866,79
"-30",-32,146634.07437817828,59
"-30",18,277531.5005482459,276
"-30",9,430050.03197347175,435
"-30",5,430439.2327010718,494
"-30",26,183851.62382698106,68
"-30",-27,168418.96271462686,81
"-30",-39,234840.88477253867,161
"-30",6,400548.2934042112,454
"-30",-22,227779.38011087506,139
"-30",-33,140958.84848571444,59
"-30",34,273613.9041463614,146
"-30",21,204204.88638106524,136
"-30",36,290200.88699239213,140
"-30",29,221434.09593069006,113
"-30",-19,292094.55665713747,277
"-30",14,342329.447770231,333
"-30",-6,392995.0721251207,399
"-30",-16,275540.3599398622,226
"-30",17,303279.5745470752,301
"-30",13,360259.4345999474,336
"-30",-10,301655.2584847279,244
"-30",38,224305.4596124859,67
"-30",8,430863.5242885233,448
"-30",-26,147148.6598173135,40
"-30",24,191779.1069446039,74
"-30",12,373970.288579755,347
"-30",-20,282228.02724241675,241
"-30",7,413444.19879236026,445
"-30",-28,203411.7164676508,135
"-30",11,387547.56826786493,382
"-30",-1,365913.67374562967,400
"-30",-9,317466.59689099714,261
"-30",-21,239546.0975769033,162
"-30",0,352945.5751417558,373
"-30",-4,437970.58046559175,494
"-30",16,307863.83428619127,308
"-30",-2,392702.1161546141,438
"-30",40,187010.06497179397,46
"-30",25,191663.36678315327,59
"-30",-30,199675.2297952056,130
"-30",-23,219372.8138486158,121
"-30",-37,205753.45946691686,136
"-30",28,200011.59682065912,68
"-30",2,338705.9704536999,363
"-30",-34,156981.8320211598,87
"-30",23,195734.79588448963,93
"-30",22,194893.72831435045,113
"-30",15,316947.47318001045,312
"-30",32,233667.11991096102,101
"-30",37,259000.6169482656,90
"-30",-15,295517.6258997437,255
"-30",-8,355351.3000333292,305
"-30",30,219988.63981855233,101
"-30",-7,377479.7389949397,360
"-30",-18,290506.9007343079,268
"-30",1,345783.85050559975,368
"-30",-5,395993.2791542642,422
"-30",10,428263.48135191033,429
"-30",-31,198126.67878073634,127
"-30",35,281051.72581975657,140
"-30",-11,257098.39846752372,156
"-30",-12,273205.25025071297,181
"-30",-38,229171.41553469584,148
"-30",33,253562.7937494405,121
"-30",20,215421.84024846216,165
"-30",39,191613.8494510104,54
"-29",28,218681.8905243787,87
"-29",-2,408601.1646054116,467
"-29",30,237418.69419626653,97
"-29",15,406659.2343472014,459
"-29",-8,363064.3587178736,309
"-29",12,459412.7684947497,490
"-29",-22,242048.3726589123,171
"-29",-7,384009.2429458281,355
"-29",40,189426.02966525077,41
"-29",-3,466210.62976671435,544
"-29",7,437616.57078358973,484
"-29",25,206098.40939846728,82
"-29",-16,354632.58721445117,346
"-29",37,225470.89481183255,79
"-29",-27,150894.78667654452,49
"-29",23,247939.9569138483,177
"-29",34,289328.0704913791,141
"-29",-20,278949.2156186813,253
"-29",31,229266.57759546817,76
"-29",-19,292155.1680831413,285
"-29",-4,456431.58615899575,519
"-29",38,199217.86709415284,53
"-29",-5,429052.00612507365,464
"-29",-10,313394.45213124045,258
"-29",-18,332936.2155194733,318
"-29",3,397416.882010648,451
"-29",9,471656.6882049921,500
"-29",16,372311.75616157043,407
"-29",-17,364389.9719334104,356
"-29",-6,399455.4237524113,401
"-29",-26,184497.11418591722,81
"-29",10,462578.4577389859,475
"-29",26,204459.75394027893,76
"-29",-34,136451.9341506563,48
"-29",35,311618.4107979587,172
"-29",-9,323778.91260583716,259
"-29",-38,196044.5763075799,129
"-29",-30,191749.25190928683,134
"-29",4,438877.9433330341,506
"-29",18,275308.487619157,264
"-29",-28,151319.48168750564,64
"-29",14,432335.16404642776,481
"-29",-40,202046.438310798,128
"-29",24,215762.22849005042,114
"-29",6,443827.2407719111,516
"-29",-13,305448.62472724944,237
"-29",-37,200297.2145720736,139
"-29",-36,181427.14022006004,112
"-29",0,360852.94947437133,377
"-29",-21,261420.08939666068,210
"-29",-31,200866.41329434584,153
"-29",-29,187528.67979480518,126
"-29",5,460612.4728253952,540
"-29",-15,365258.9363909486,359
"-29",11,468556.68446119886,498
"-29",-35,154266.40004340082,75
"-29",19,248943.01912473026,231
"-29",-23,244689.00256561354,162
"-29",20,237146.11364281192,191
"-29",-25,203058.6027306681,94
"-29",-24,233627.11944477368,137
"-29",1,351933.6153392366,371
"-29",27,216838.2924766529,107
"-29",21,239811.0751768571,175
"-29",-12,295169.60900019755,219
"-29",17,314704.5576874964,321
"-29",-1,374463.2066656842,405
"-29",39,184403.88967007236,39
"-29",2,347064.1527238319,370
"-29",36,263798.9151313231,112
"-29",32,236668.32373611216,92
"-29",-11,313003.4081465983,261
"-29",29,234819.54382743457,114
"-29",-14,335548.04828685586,290
"-29",8,435575.60310858215,464
"-29",-33,121384.34770315688,28
"-29",13,470469.8239751429,518
"-29",-39,195392.1070330474,115
"-29",22,230586.93205400548,164
"-29",33,259718.32685955786,111
"-29",-32,154606.33514534307,72
"-28",29,249318.66806123298,133
"-28",-40,167361.1155273956,77
"-28",35,280166.2110462638,131
"-28",6,503693.22823762044,578
"-28",37,206495.23869535755,50
"-28",-19,288623.40208725014,283
"-28",1,428796.97504434036,479
"-28",18,284110.968639102,271
"-28",-26,188767.87794395597,80
"-28",-33,127077.21090294981,40
"-28",15,398875.99768994324,453
"-28",-36,148651.96969076028,76
"-28",25,244121.63112450388,146
"-28",2,427292.52111981175,485
"-28",-3,475966.86451627436,548
"-28",-14,339172.72601523134,306
"-28",20,260017.82457577638,228
"-28",-10,324090.7206606306,270
"-28",19,292220.4914336283,283
"-28",9,439220.95579133206,476
"-28",31,244979.00182540948,76
"-28",28,246550.71433361547,121
"-28",-41,194127.25408157136,111
"-28",26,256098.99450936375,183
"-28",-18,287774.4236458044,260
"-28",10,436183.06332469435,468
"-28",-27,165421.04721116327,61
"-28",-21,249488.78487233285,195
"-28",-32,141576.93476630174,61
"-28",14,408625.4708983022,453
"-28",16,361707.56877646793,394
"-28",39,185729.38003685113,30
"-28",5,470369.8059460797,539
"-28",-28,132752.22486825724,32
"-28",-12,323386.0166949838,271
"-28",-35,132838.62378726428,51
"-28",40,195355.3665099487,50
"-28",8,438240.1988813062,485
"-28",-13,324242.9651935458,281
"-28",-1,413260.8774941477,454
"-28",-16,337151.9212919359,316
"-28",-37,183181.80815591654,118
"-28",12,424506.70110018074,453
"-28",23,220213.1646083573,130
"-28",38,195915.61725732934,34
"-28",-9,332099.8043942852,268
"-28",-5,472216.2212936328,502
"-28",-15,352105.2236655595,337
"-28",41,224496.6626503969,82
"-28",-31,185683.93537625857,125
"-28",-22,227985.2026803455,158
"-28",-17,300198.6385783299,272
"-28",-7,401842.48187800584,361
"-28",30,250516.86052864787,99
"-28",36,238596.02190617367,82
"-28",32,266949.9217304132,101
"-28",-34,116794.1389221812,32
"-28",-23,231974.7162429864,146
"-28",21,239540.0209559762,181
"-28",-24,230070.64163791283,132
"-28",0,393231.5700989293,422
"-28",-2,445949.34131111833,512
"-28",27,248342.58673647215,138
"-28",24,251326.394271025,163
"-28",-25,217848.17783884914,97
"-28",-20,271467.4939865144,248
"-28",7,452439.8899834733,514
"-28",4,445841.7914647451,512
"-28",33,315962.220279632,172
"-28",-30,173036.70582114317,99
"-28",22,229351.85082436475,150
"-28",3,425691.98901202425,492
"-28",-4,482146.2691324574,539
"-28",-39,181163.29054022362,109
"-28",34,349327.31565188424,221
"-28",-11,318972.68643214984,265
"-28",-8,381811.07155285124,327
"-28",17,315301.3111723786,319
"-28",-6,435691.1152552381,436
"-28",11,428184.5367799303,455
"-28",-38,185943.44952064817,124
"-28",13,417124.28546134784,453
"-28",-29,150322.68716237842,64
"-27",-9,347686.1013063199,296
"-27",1,434607.9790268959,473
"-27",20,283040.85947174585,269
"-27",10,448212.2207151848,473
"-27",-35,127734.63185737949,43
"-27",-23,214678.50954515373,123
"-27",-13,314671.80210119835,263
"-27",25,233049.752219337,192
"-27",-20,271597.14430731616,245
"-27",13,410009.1745103902,453
"-27",-22,212580.44578958803,147
"-27",30,246566.7838155212,93
"-27",-4,504345.37429631397,553
"-27",-26,203924.56272328537,92
"-27",31,243472.7516952582,65
"-27",-29,130681.09603538063,31
"-27",32,266944.20823560446,96
"-27",18,301930.5801169205,293
"-27",17,321239.8013349343,326
"-27",36,218076.6884862332,51
"-27",23,248069.14974261372,172
"-27",-33,120368.17717920213,21
"-27",34,276744.6598141892,131
"-27",-25,212938.61180627954,106
"-27",-16,303890.5087628731,260
"-27",29,244542.12568917748,123
"-27",37,198211.38851611994,32
"-27",-15,334785.50099383725,298
"-27",6,524618.3251804697,600
"-27",2,438057.1388422901,480
"-27",0,435411.4097031493,473
"-27",11,435683.59295120393,467
"-27",7,514651.4114935123,582
"-27",-30,153450.48120677765,76
"-27",-18,287521.52297985204,258
"-27",-24,227889.10072371416,126
"-27",15,393974.13594524155,450
"-27",40,165214.3611686024,24
"-27",27,221151.9649452497,124
"-27",21,271654.75346613623,249
"-27",-7,427741.6052327281,401
"-27",-41,214805.19541330275,138
"-27",-10,325643.49011227424,266
"-27",-8,389914.2339914504,349
"-27",24,226837.27659391612,160
"-27",28,238626.75130236027,120
"-27",26,226283.11577952068,174
"-27",33,293729.9978415587,155
"-27",-42,219053.69837029369,163
"-27",5,521628.2418561313,606
"-27",-37,169240.69800487589,93
"-27",14,400623.58467432734,453
"-27",-5,488147.5306290441,514
"-27",-6,464293.4210118524,459
"-27",-32,108778.33964995858,19
"-27",35,251639.25971629645,92
"-27",-31,136416.60602935948,56
"-27",-1,437581.3313682049,471
"-27",-12,312312.31820581894,254
"-27",41,206239.83064685934,66
"-27",8,486887.29713622306,543
"-27",3,433484.2069529271,488
"-27",-3,508026.212342514,579
"-27",19,314684.02840461454,315
"-27",9,469896.6735132482,511
"-27",-36,147835.66464983232,66
"-27",16,365414.3679151351,402
"-27",-19,287701.033203065,267
"-27",-28,149650.1184301879,50
"-27",-40,181401.35625149377,97
"-27",39,167213.45276341878,26
"-27",-34,119336.14570866135,29
"-27",-39,202797.8729715046,120
"-27",4,464454.4802706906,534
"-27",-27,173284.36672433617,71
"-27",-38,202009.09981808587,129
"-27",12,417927.36492578837,457
"-27",22,259688.17882085618,197
"-27",-21,237555.02902651802,191
"-27",-14,322282.6513531494,276
"-27",-11,315242.6019042159,250
"-27",-2,457373.0185389748,497
"-27",-17,287184.23567676294,247
"-27",38,178200.20930556033,25
"-27",42,215688.79281923952,93
"-26",1,440192.64067931776,474
"-26",14,402174.375273821,448
"-26",-3,514165.24132584257,567
"-26",27,213502.030594459,118
"-26",-26,198468.79190971082,105
"-26",15,392688.3626099902,442
"-26",38,170819.84407459543,21
"-26",-30,133770.62445930112,59
"-26",24,254995.90401004153,212
"-26",35,225445.72279247054,63
"-26",-35,154301.42082461415,70
"-26",-39,174870.8732248478,68
"-26",9,515426.70322176506,548
"-26",-27,180698.84782859037,94
"-26",30,248768.18160829943,86
"-26",26,225999.9657242549,173
"-26",31,227955.8115931216,63
"-26",-34,173666.3274960488,95
"-26",-17,278169.85781767627,211
"-26",-15,328944.6741219068,271
"-26",20,302958.3892976542,318
"-26",-7,432755.4993474031,437
"-26",37,176681.3428697201,29
"-26",12,430614.8314498077,467
"-26",3,442779.16060901096,483
"-26",36,197257.57590375256,41
"-26",11,446343.90311276563,479
"-26",-16,279542.23344725434,207
"-26",10,479234.8105277347,500
"-26",-40,194283.49933482395,105
"-26",4,502302.9403777741,563
"-26",-8,408153.1388282881,403
"-26",2,438375.4565054758,476
"-26",-18,275708.6270583937,221
"-26",-20,259370.08709407272,228
"-26",-24,211578.6881070542,95
"-26",-22,197073.75440566707,117
"-26",21,276068.3076355326,271
"-26",0,452598.68921170064,487
"-26",-32,114201.44808475449,22
"-26",-38,165265.06040722234,60
"-26",-33,134011.72711545622,47
"-26",-28,159022.0871370065,73
"-26",19,338516.7469024727,380
"-26",-21,221440.01157828566,174
"-26",-9,383828.82487009297,356
"-26",32,257588.8016757101,95
"-26",41,188446.92275709554,59
"-26",-23,192393.64673259013,83
"-26",-29,134962.11802604402,48
"-26",13,416211.08601119654,459
"-26",-12,331859.43166303175,277
"-26",-37,155067.35151003132,42
"-26",-10,330785.4967786166,270
"-26",-4,513314.815872318,574
"-26",-25,217904.84768715122,111
"-26",39,167874.78371984558,21
"-26",-2,484239.07559258136,515
"-26",5,580615.52072287,665
"-26",29,253253.46618815238,124
"-26",-6,453352.8550948649,469
"-26",-5,477445.0807807517,518
"-26",28,219441.95008648658,86
"-26",-31,114039.55511483175,26
"-26",22,268592.1280128765,249
"-26",16,368229.1933984911,410
"-26",34,267781.04089540214,121
"-26",-11,331404.4254486158,268
"-26",-36,137683.40666562677,37
"-26",17,343383.65487701574,379
"-26",40,166555.00832589547,22
"-26",42,209623.17693158565,91
"-26",-13,331451.8558518378,285
"-26",7,535980.8535386284,609
"-26",6,547426.645651809,624
"-26",-14,339300.5076601886,290
"-26",18,369640.7418824831,418
"-26",25,246369.18347526807,200
"-26",-41,179917.43538402245,95
"-26",-42,150289.07744442142,64
"-26",-19,275554.38919437653,245
"-26",-1,454430.86241328134,479
"-26",23,264217.21436719893,228
"-26",33,290833.0793312588,157
"-26",8,540143.3901789401,596
"-25",30,247559.72133047093,93
"-25",-4,510682.67200636736,587
"-25",37,176275.72364647832,33
"-25",18,387997.545713579,447
"-25",-14,405759.03599230683,381
"-25",9,513550.7079240462,525
"-25",19,347357.5606406588,400
"-25",20,327071.6874577694,357
"-25",14,449396.6001773356,502
"-25",-13,391779.00304470805,365
"-25",41,180783.18631187594,52
"-25",27,220349.04090406134,117
"-25",-18,287349.1958494532,207
"-25",13,478193.7548126027,537
"-25",-7,425452.5196491056,436
"-25",-34,156593.79665027,72
"-25",-33,128974.08313929316,50
"-25",-24,166582.9189785729,34
"-25",-31,102360.09889525236,25
"-25",3,544108.1414790145,608
"-25",-23,176433.3389692623,63
"-25",-17,355734.0516248753,297
"-25",-37,231031.2682077916,150
"-25",-10,395566.6062361617,381
"-25",-3,539342.7208026258,591
"-25",22,293536.2606783112,270
"-25",4,557193.8618739012,625
"-25",-15,418426.8968858183,393
"-25",-27,142643.1723032539,50
"-25",11,551909.408032371,585
"-25",-11,390551.5657803955,371
"-25",-1,476820.3422255537,516
"-25",-35,203733.30540901143,120
"-25",-16,368473.73039805196,318
"-25",-38,231775.56714669036,162
"-25",6,602899.3347483212,696
"-25",-36,218737.55919203282,143
"-25",7,582530.7420279719,676
"-25",2,479265.12381068134,535
"-25",26,227794.31819546517,161
"-25",-32,117342.39192405263,36
"-25",-20,263113.02568355063,243
"-25",-5,464769.1161110746,512
"-25",31,225156.9215905899,66
"-25",17,431611.91034258367,502
"-25",24,264379.5060762221,207
"-25",-30,158774.87021461283,97
"-25",21,305021.68190053385,305
"-25",34,260095.0681746539,108
"-25",28,239275.42443331974,89
"-25",25,240824.37821622842,176
"-25",10,490331.47769668855,500
"-25",12,526730.0238143075,588
"-25",23,274401.2195683688,241
"-25",5,591015.9737536919,674
"-25",-25,175546.28138640962,50
"-25",16,426678.1340998378,496
"-25",-2,508517.4290851819,549
"-25",-39,258986.87105889345,195
"-25",38,172936.58650654228,22
"-25",39,169991.74176384977,22
"-25",-19,272139.6479055013,222
"-25",-9,400388.66424942354,391
"-25",35,227179.97244837985,71
"-25",33,288564.68784393836,150
"-25",-41,139744.60517801935,38
"-25",-40,187197.57096251167,83
"-25",32,251930.94697248854,112
"-25",-21,229790.96935483743,189
"-25",-22,191057.02469893626,110
"-25",1,439407.2860967349,489
"-25",-43,157412.49398347936,87
"-25",-29,154921.43621239607,77
"-25",15,426254.4620416299,487
"-25",-26,137882.70007310348,20
"-25",-8,399572.80497970246,397
"-25",42,201678.31141419773,93
"-25",43,253064.27736639846,140
"-25",8,534499.5705977931,583
"-25",36,201007.04245309773,49
"-25",-12,368668.9949128695,327
"-25",29,254432.39866963145,110
"-25",-6,446432.63268507103,468
"-25",0,454417.2430196488,496
"-25",-28,168255.20433189278,86
"-25",-42,146054.56656898637,61
"-25",40,167960.80860512974,27
"-24",-23,220848.40524107227,122
"-24",35,224227.5565093706,63
"-24",14,508186.8425701924,581
"-24",-32,107743.8843649926,28
"-24",39,163200.42836672152,30
"-24",-16,405793.3499347273,363
"-24",42,158262.08056577036,16
"-24",12,548928.7134527668,590
"-24",-5,466523.4433323622,509
"-24",28,235196.04126007276,93
"-24",-9,398934.362355946,390
"-24",-28,143919.64307178571,69
"-24",1,505094.65554164903,574
"-24",-31,115138.78719033192,39
"-24",9,571025.6170389556,612
"-24",34,246162.08824132793,82
"-24",26,241048.29704321324,153
"-24",16,490438.8411319488,584
"-24",-29,172194.06503993768,116
"-24",0,499061.2267688374,551
"-24",21,308913.9258743988,316
"-24",11,551107.2376554464,604
"-24",19,360451.27462660597,411
"-24",41,155476.23779521807,15
"-24",25,251355.2499680471,167
"-24",-39,233512.23830470344,152
"-24",-2,509757.0517863802,566
"-24",-36,180928.91132556996,94
"-24",8,577416.2507442642,640
"-24",22,295564.8177780259,276
"-24",24,261119.42482259488,189
"-24",6,595552.2527706171,679
"-24",-22,229147.3647995556,168
"-24",7,584572.9528070757,674
"-24",-17,389542.6925210296,332
"-24",-18,345832.252971952,280
"-24",-35,160134.47804876856,70
"-24",-21,269418.4444817385,238
"-24",4,553679.4156735808,625
"-24",-34,131175.00760336797,52
"-24",-8,398539.6823430595,395
"-24",23,264699.6557828643,226
"-24",-13,401579.9792703302,366
"-24",-42,160887.4445406937,65
"-24",30,244248.78846922572,91
"-24",-20,278022.83113007457,228
"-24",-19,320306.81714477646,268
"-24",-15,414925.9877986772,384
"-24",-25,187879.18881941284,81
"-24",-40,218793.42309818915,134
"-24",33,280713.1117347812,143
"-24",13,527421.2748639162,582
"-24",-37,221856.66457514037,141
"-24",31,226529.71330898686,73
"-24",15,498483.8727754815,582
"-24",40,152271.56928355232,20
"-24",20,343504.9358076158,386
"-24",-33,111240.72436351802,35
"-24",-14,397769.5467282055,365
"-24",-38,227122.05575170115,146
"-24",27,236450.56622397556,127
"-24",-11,393651.326167236,373
"-24",-30,173602.96438879753,122
"-24",-3,545298.9851114308,606
"-24",-4,517796.0873856179,574
"-24",5,616514.8335003364,704
"-24",2,516378.0171751933,593
"-24",-41,175667.79007926624,86
"-24",-24,210706.28722592306,97
"-24",17,432093.6217330768,503
"-24",-1,494872.0013339562,552
"-24",-10,393729.611031439,381
"-24",29,245874.36280183855,89
"-24",-27,133092.93467830934,47
"-24",32,241038.61925427525,91
"-24",-6,450467.21295261703,476
"-24",36,206785.9364690697,59
"-24",38,178616.81222686745,43
"-24",10,561368.1233647771,605
"-24",18,379999.9012279311,435
"-24",3,534848.5241012176,611
"-24",-7,442453.06506121013,447
"-24",37,185018.85781563717,47
"-24",43,195339.1410688025,52
"-24",-43,167930.67604780037,87
"-24",-26,165993.8628167931,64
"-24",-12,397350.7212259589,366
"-23",3,532398.2789535573,610
"-23",1,510464.9311825795,568
"-23",-23,222476.8457348377,129
"-23",-30,172204.01966177826,127
"-23",-36,156833.9967176444,70
"-23",-16,433443.69711553655,394
"-23",18,388609.0607829432,445
"-23",-14,404708.3255420878,371
"-23",42,218031.46978763517,84
"-23",31,227020.26776664366,77
"-23",-2,535501.3770623417,604
"-23",7,591494.9991364409,691
"-23",11,542723.0410099071,595
"-23",-10,402855.21553089836,388
"-23",40,147095.79789567098,13
"-23",-37,198669.89647348048,105
"-23",37,183458.1868335714,43
"-23",-21,267997.5032642571,194
"-23",33,308145.4287619067,179
"-23",16,495919.86167817627,582
"-23",39,149082.1659603315,21
"-23",-19,315452.42970828176,244
"-23",20,352071.35215859354,395
"-23",-38,232062.01140302175,143
"-23",9,573777.8900899389,620
"-23",-1,513722.6662463882,578
"-23",-4,538781.0563427729,599
"-23",29,240327.5263274406,85
"-23",19,388499.98272539064,439
"-23",-31,124067.27019736845,61
"-23",13,514286.9723019822,578
"-23",15,504744.312621306,581
"-23",-41,188021.85296747886,98
"-23",0,507068.09646975284,568
"-23",-27,132295.1904723629,60
"-23",-5,516407.3197762048,560
"-23",44,297832.98240007507,203
"-23",-40,211534.94653178542,126
"-23",35,249880.4580992545,99
"-23",-39,227708.33853324488,147
"-23",30,233569.2320245089,93
"-23",-22,256577.7625492701,204
"-23",-42,179516.07407310966,84
"-23",-29,176825.6710510789,130
"-23",32,254652.4893938631,115
"-23",-26,160986.7078156492,75
"-23",2,520047.9649713712,589
"-23",12,528945.6455379177,586
"-23",-24,202607.43276038408,102
"-23",-12,406518.09356616484,366
"-23",-18,370051.6513893367,310
"-23",34,294039.80001213134,133
"-23",22,301018.5551005833,283
"-23",-7,452471.079742454,461
"-23",-6,466794.5275103371,486
"-23",41,177621.5332729948,36
"-23",21,319192.03588073794,335
"-23",43,249459.45090356522,133
"-23",-32,96421.95004949764,16
"-23",38,161921.36212561576,30
"-23",14,514184.51694140455,580
"-23",-28,130943.22531487241,63
"-23",36,210341.05441958574,71
"-23",23,275622.28107249853,227
"-23",-3,563900.1572942116,626
"-23",10,560720.3354878474,614
"-23",25,265550.56377697014,176
"-23",-34,120164.74406249162,29
"-23",-15,419734.8107911854,384
"-23",-17,419302.6037893017,374
"-23",-11,407333.18114658113,377
"-23",-9,401657.8252399174,393
"-23",24,282457.8069189637,196
"-23",-43,190838.19207264108,112
"-23",28,247581.67827072684,113
"-23",-44,221510.73268012668,164
"-23",17,443353.5586937073,518
"-23",-33,102383.2038489023,18
"-23",-13,397901.38925439416,364
"-23",8,580018.4283434342,642
"-23",-20,275555.15398806887,199
"-23",6,611538.5067246216,705
"-23",-8,422785.1298725419,428
"-23",26,255514.61589484758,162
"-23",-25,179729.35906904878,88
"-23",5,626216.245659663,723
"-23",4,581475.988482953,671
"-23",27,259032.3979437924,158
"-23",-35,135701.01463656116,47
"-22",-40,213385.92123603902,129
"-22",-1,559789.9991515621,629
"-22",43,245238.2368584748,133
"-22",6,677371.1602276582,800
"-22",-8,450294.2652320101,454
"-22",-35,129132.83492180516,34
"-22",26,257646.08402577296,169
"-22",-32,91246.76262926623,9
"-22",14,503543.3008403922,578
"-22",-41,202823.36542025305,117
"-22",-10,402539.08621397585,392
"-22",-25,184870.92279393275,104
"-22",-14,408384.69502595783,375
"-22",-17,381388.1792744122,319
"-22",23,281692.65612111683,223
"-22",-39,236502.3975487699,162
"-22",44,257260.42813922703,144
"-22",41,168416.7701322492,3
"-22",-9,416498.4405682629,406
"-22",4,614709.696431478,710
"-22",35,247120.2856167868,85
"-22",37,180445.6228697185,36
"-22",36,211166.956415009,52
"-22",22,312765.8274046867,273
"-22",39,151487.73286199215,18
"-22",13,511821.94546253065,583
"-22",-13,401397.24899717397,374
"-22",-3,575917.73868131,638
"-22",-43,164295.80433805296,71
"-22",-30,154788.86202124367,103
"-22",5,642380.2336139937,744
"-22",-44,159770.2069781797,72
"-22",31,229872.04112432484,96
"-22",-12,395830.6813664968,377
"-22",-42,182616.78347162934,92
"-22",-4,560931.9738732221,617
"-22",11,544693.469559831,603
"-22",29,251064.78450960852,114
"-22",21,340136.0890437365,349
"-22",38,162396.96079114743,25
"-22",-33,106637.63667950543,14
"-22",-11,406801.673375571,385
"-22",-28,136003.97515817094,69
"-22",16,502008.66511544917,582
"-22",1,524694.077356559,586
"-22",-20,262088.98885568694,168
"-22",-37,187281.47643687823,86
"-22",3,586190.7768646727,662
"-22",-16,413834.3187028447,371
"-22",34,306455.08071348426,155
"-22",-15,418098.3143506429,383
"-22",-29,166747.75757366163,117
"-22",9,586507.3419865448,638
"-22",-18,334955.46741345583,252
"-22",-31,108411.68818835824,39
"-22",24,268859.164756994,193
"-22",27,262506.90829506516,164
"-22",-7,488850.83751950663,501
"-22",32,238623.4711817602,87
"-22",28,264561.1578300665,149
"-22",42,213137.6584344903,67
"-22",33,273559.32609788445,116
"-22",-5,549921.9120614588,592
"-22",8,610105.0026790662,678
"-22",-38,235271.99911315725,150
"-22",-21,246577.53695823258,149
"-22",25,264213.98834122793,175
"-22",40,156219.1522657463,9
"-22",7,647574.4571241448,765
"-22",12,527959.3507954462,591
"-22",-34,117249.14616228972,21
"-22",18,445294.8319372288,520
"-22",15,497709.68253669055,580
"-22",-22,230014.353171228,133
"-22",-19,308846.7731391722,226
"-22",-36,159189.2352415952,57
"-22",17,459300.51875932177,532
"-22",19,433142.24990700517,495
"-22",2,531872.5414089939,588
"-22",0,529164.1534321079,600
"-22",-2,585937.1584400893,653
"-22",10,565884.6820547477,615
"-22",20,385105.5261293529,433
"-22",-26,170264.82523461134,93
"-22",30,238147.92951006815,116
"-22",-27,157271.50260843278,88
"-22",-23,218086.8854467323,137
"-22",-6,531171.1671171074,554
"-22",-24,205547.36274757335,114
"-21",-2,626995.5979738412,713
"-21",-9,445239.1732125127,461
"-21",7,688823.0907868079,804
"-21",29,250763.7881302753,125
"-21",-41,176713.9038308984,76
"-21",33,270553.3703403273,119
"-21",-17,342626.76183373574,258
"-21",31,249623.29165086066,124
"-21",25,280217.1439587791,193
"-21",41,169090.1580209429,3
"-21",-34,129499.98341115455,21
"-21",24,286228.915636605,220
"-21",10,653072.5559558094,728
"-21",1,609338.2377557848,702
"-21",43,229824.31169781645,90
"-21",27,261874.20132954084,172
"-21",-16,393352.59055300796,337
"-21",-11,408315.5166786168,386
"-21",-28,189265.53307432574,126
"-21",-33,117112.16100849837,14
"-21",-13,396255.6976709553,366
"-21",-29,154135.36485281406,90
"-21",18,483018.0276410567,559
"-21",28,269946.30119667616,166
"-21",-44,151765.38172957528,70
"-21",23,301980.39925170597,248
"-21",-5,569749.6998506814,608
"-21",15,531041.367527594,622
"-21",-45,164820.27942161515,90
"-21",-20,229362.58400780734,119
"-21",-32,103863.61838976305,6
"-21",-40,211531.5185845035,114
"-21",-4,590744.9359087802,632
"-21",12,596445.9682386297,685
"-21",-35,134578.43714564785,29
"-21",-42,139269.74445489643,31
"-21",30,260001.05747509675,146
"-21",-14,401102.24409815343,364
"-21",13,563028.1710059367,654
"-21",37,181042.85604012912,39
"-21",26,275123.59224837355,179
"-21",-36,155051.27890163177,48
"-21",5,700394.9800262587,817
"-21",22,327342.9987883595,277
"-21",-19,289941.1293757301,197
"-21",-1,615187.0525149233,692
"-21",-22,170764.10763396707,31
"-21",-23,133198.83399848777,0
"-21",21,380916.88382000354,383
"-21",6,694176.6480990491,817
"-21",-7,495672.3082056312,519
"-21",17,500008.19910307135,590
"-21",11,639109.8822792216,724
"-21",42,211600.84407823833,48
"-21",19,447059.5025182033,514
"-21",16,517091.667254774,615
"-21",-39,212326.44640589243,121
"-21",-3,595570.1351518248,655
"-21",-27,132315.4486375381,42
"-21",14,543686.0453706086,632
"-21",-15,403679.01614769537,356
"-21",3,638214.2935786244,728
"-21",-6,544359.5451044989,579
"-21",20,401444.9589981407,423
"-21",9,671288.2584913935,733
"-21",45,255901.46840309247,125
"-21",34,284329.9908135832,136
"-21",40,173008.36655698324,10
"-21",-38,191686.36390256532,96
"-21",4,654196.0782135938,752
"-21",-30,130372.55153373526,50
"-21",44,249749.73284078875,112
"-21",-8,469756.44956440775,495
"-21",8,681247.4941419873,780
"-21",38,163111.10393068346,25
"-21",-26,106139.50069175386,7
"-21",-43,144342.90931074327,53
"-21",32,250298.44182435973,101
"-21",35,245484.51783983552,86
"-21",-24,111775.42840746052,0
"-21",-31,94790.23157972319,4
"-21",36,215185.4338272184,58
"-21",-21,198872.0470530217,60
"-21",-12,397745.10211204714,374
"-21",-10,415403.3154788807,407
"-21",-18,321922.72767817846,229
"-21",39,154614.3672012341,18
"-21",-37,167802.04154191646,70
"-21",2,614564.5377552238,710
"-21",0,608047.1426496477,695
"-21",-25,106620.97208477458,0
"-20",41,167670.6471158189,5
"-20",13,619736.4239081196,726
"-20",-45,161805.32051312807,88
"-20",29,293108.8862871981,178
"-20",-40,176360.39567256495,60
"-20",40,167655.3683944322,11
"-20",-26,85380.2788603977,0
"-20",38,165822.39606946748,26
"-20",6,674926.5775719138,778
"-20",-33,121109.00043283825,18
"-20",-7,514376.81723065954,563
"-20",-4,612731.4330201288,671
"-20",22,366061.87105692166,343
"-20",27,280145.19673475425,176
"-20",31,265673.4069391143,146
"-20",26,284972.0927072631,185
"-20",37,179745.47188200257,34
"-20",-3,618634.9937146791,675
"-20",-12,416879.7124491221,394
"-20",-44,151141.71446533894,63
"-20",-10,489432.2110754487,509
"-20",-42,142683.43006287667,30
"-20",7,676220.1101769098,772
"-20",-41,153870.33398044374,31
"-20",36,228183.07172636545,86
"-20",-18,317334.4681747776,222
"-20",-23,125696.0702701681,0
"-20",20,431488.73882647615,449
"-20",42,227965.6699408073,90
"-20",11,636450.5171760959,722
"-20",39,166236.6410876542,18
"-20",-9,507146.54401119053,551
"-20",-34,136736.86943983042,26
"-20",-19,286197.1864391166,193
"-20",0,628531.0649569228,708
"-20",44,257609.98133798168,132
"-20",30,303567.6461598689,211
"-20",23,331028.8326184423,262
"-20",15,617500.7159271559,729
"-20",10,651270.5097880451,722
"-20",-11,457988.3025800213,458
"-20",1,624997.7806964279,705
"-20",-6,560759.7766294625,612
"-20",-13,418810.9998934643,389
"-20",45,253981.06085682567,149
"-20",28,284150.17828115367,159
"-20",12,624428.0300207927,724
"-20",-38,147565.6088492839,36
"-20",-14,421060.9846344252,386
"-20",32,253912.46521780483,103
"-20",-1,633602.7502101718,709
"-20",-31,110267.14908682504,5
"-20",-24,103019.01220121988,5
"-20",-35,145796.33811572677,35
"-20",19,458973.39959514287,502
"-20",-20,237866.11087643777,117
"-20",17,593838.9558926328,706
"-20",-5,581862.384288087,635
"-20",21,404571.9335351054,401
"-20",-32,114449.14995355897,10
"-20",3,628674.9149609706,716
"-20",34,287956.6286358455,142
"-20",-22,146577.7969588678,0
"-20",35,268109.34983407735,134
"-20",-36,139305.11611960092,31
"-20",33,278163.30538885394,115
"-20",43,242327.9743725901,105
"-20",-25,103462.85578267768,20
"-20",-30,102410.50769469987,9
"-20",-2,645787.5863853378,728
"-20",5,699381.3993332812,810
"-20",-16,392349.508057411,328
"-20",14,616556.3217398623,727
"-20",18,516298.60730341903,604
"-20",25,294922.53167630127,200
"-20",-8,506144.1384596567,560
"-20",-39,138039.99800825233,18
"-20",2,623921.4303706909,709
"-20",-15,430443.8693007827,387
"-20",-27,99540.2418426316,5
"-20",16,611528.7160771646,731
"-20",-29,165280.19469221216,96
"-20",24,308467.53805589216,233
"-20",4,671297.8027752741,776
"-20",-28,135332.63068596038,59
"-20",-43,144856.0016796166,46
"-20",-17,339305.70447066805,257
"-20",-21,185058.76112016846,38
"-20",-37,153883.01419082348,46
"-20",8,680955.5032452828,760
"-20",9,666099.778060862,721
"-19",18,529855.4361553361,593
"-19",41,152963.6230051866,9
"-19",43,248454.42168462314,124
"-19",-8,503121.5190786333,554
"-19",23,348878.7222531437,298
"-19",29,304105.0900107485,204
"-19",26,290644.7123679668,213
"-19",12,629996.5612988912,723
"-19",6,696821.8138545138,791
"-19",39,161897.06679231988,23
"-19",-45,156444.37767924322,75
"-19",-7,506206.3898287081,563
"-19",15,613074.1323659923,729
"-19",-24,138777.96031631163,63
"-19",40,159262.39570207312,15
"-19",46,297881.66523524054,213
"-19",-40,222388.60933793336,132
"-19",35,223528.0300241238,73
"-19",13,624132.3857223914,725
"-19",14,618741.7044265085,727
"-19",-10,499541.76324691175,526
"-19",-28,115406.69577403234,41
"-19",-23,150959.83421202193,39
"-19",-11,486912.7767345072,504
"-19",27,290590.17962226406,202
"-19",1,638920.3581654384,710
"-19",34,264618.93784333754,124
"-19",37,175856.63725802395,35
"-19",45,269989.69023582345,171
"-19",-32,101649.56555222967,11
"-19",-3,655287.052125113,742
"-19",-41,158492.9194594864,46
"-19",20,437719.62453700916,438
"-19",-6,559424.5575068047,619
"-19",36,194875.77989138005,47
"-19",-44,153194.188358622,57
"-19",3,633928.7672552939,718
"-19",-1,660640.6409462789,743
"-19",-9,503318.6907979303,544
"-19",-13,474001.10136781266,465
"-19",16,612360.2545709801,731
"-19",-46,170848.7790283217,113
"-19",28,309447.8667875206,242
"-19",38,172427.6044941303,30
"-19",-22,158669.96962573985,22
"-19",-19,308745.35543696437,212
"-19",-26,121176.7116158256,64
"-19",21,406393.5288193576,403
"-19",17,587885.581965335,697
"-19",-17,407110.95273968397,334
"-19",-21,192074.27147264557,49
"-19",-27,119653.7640918123,51
"-19",-12,480250.6886480884,483
"-19",7,680554.1763825915,757
"-19",-18,364535.22453546117,279
"-19",33,278867.6733943434,129
"-19",-38,180111.7427383508,85
"-19",-2,655104.1483857994,731
"-19",25,308267.45061264833,227
"-19",-36,133048.00589405722,22
"-19",42,207755.02682926416,72
"-19",32,255524.87733045893,102
"-19",-25,132947.76147338134,76
"-19",4,689896.4226637247,793
"-19",8,676239.0718014869,738
"-19",-16,453830.07679605804,396
"-19",-35,130142.66644843288,18
"-19",-29,171168.59134997014,106
"-19",22,373101.6327865745,346
"-19",19,496417.1693437151,536
"-19",-39,243312.72154319656,172
"-19",-34,118289.47373791152,17
"-19",-30,112362.35460642776,27
"-19",-43,150296.04507847514,47
"-19",-14,464665.59616389533,443
"-19",11,636979.296430476,721
"-19",31,278100.70326017396,150
"-19",5,727375.1716680411,839
"-19",-15,463482.8534701629,420
"-19",-42,141015.1026109801,29
"-19",10,649416.7855299771,719
"-19",-37,149889.70467003624,38
"-19",2,635033.8901644569,713
"-19",-4,628971.7551002143,707
"-19",24,326735.202296694,248
"-19",0,646470.4271036495,714
"-19",-20,254769.10614103463,134
"-19",-5,575188.690151895,642
"-19",-31,93643.79019985432,3
"-19",9,667174.8986698529,717
"-19",30,303118.6112387583,209
"-19",44,277482.260239646,159
"-19",-33,116614.9100013758,17
"-18",9,670264.9828806024,728
"-18",-14,455131.61378517107,435
"-18",-46,171239.17428884967,107
"-18",41,153189.35638833363,10
"-18",23,364296.2736976307,316
"-18",29,283309.389579898,189
"-18",-18,363102.7116334667,268
"-18",-35,130236.29077779253,25
"-18",11,639004.6106699397,720
"-18",-42,144947.58615436556,27
"-18",-23,171240.06541528224,56
"-18",-19,308524.2806938771,196
"-18",4,725911.630216645,817
"-18",46,291851.8761270161,180
"-18",37,175505.14496593334,38
"-18",-3,656102.7421140732,753
"-18",-32,104653.47067904354,15
"-18",33,265838.7154839745,132
"-18",44,294312.8859986346,182
"-18",-25,84168.06981470443,13
"-18",22,385976.96634306235,367
"-18",15,618811.1904684806,728
"-18",18,555359.7922602429,618
"-18",26,320686.7889940092,249
"-18",7,710654.1410237049,769
"-18",-36,157998.08658610162,53
"-18",-38,214524.83757169123,135
"-18",21,434149.1639695131,431
"-18",24,351596.6430034487,301
"-18",43,251260.14238601894,143
"-18",27,312468.92548767006,247
"-18",3,710981.1097949848,791
"-18",-20,274069.79895765655,159
"-18",-28,148424.2453205412,91
"-18",10,651252.3100090502,720
"-18",-9,495007.33557109686,536
"-18",-6,549366.218990451,615
"-18",-45,153160.41437848777,68
"-18",42,201289.70494070998,72
"-18",16,615523.6115237576,730
"-18",-34,120745.46587872952,20
"-18",-15,451698.00281384017,410
"-18",-2,676040.3158461918,778
"-18",6,742317.5930152939,820
"-18",-22,210264.50279720922,89
"-18",36,192427.46730884784,57
"-18",-1,690823.2119165281,795
"-18",1,670808.9731241886,737
"-18",-30,117273.29039698308,45
"-18",-10,490532.27356640645,520
"-18",31,282016.2679968037,158
"-18",32,256078.57742098678,101
"-18",17,582098.6702164732,691
"-18",34,300574.2403800791,179
"-18",-37,182104.63080435462,82
"-18",28,291594.8815779526,219
"-18",20,490460.6035003028,495
"-18",-4,634631.298311793,721
"-18",-17,412030.56195037946,336
"-18",13,626521.080798899,724
"-18",-13,462378.8494716649,457
"-18",35,229818.1767286604,97
"-18",-7,519614.1008956136,576
"-18",-12,470837.05782093946,479
"-18",-8,498463.93079940655,545
"-18",30,285039.194147272,195
"-18",-29,148683.36338429817,93
"-18",-40,214993.03668728936,123
"-18",39,156350.54104302614,22
"-18",-43,146387.74789377378,36
"-18",2,697238.816891007,766
"-18",-39,242491.223716029,173
"-18",-21,243766.23527658795,112
"-18",-33,116690.69751053574,18
"-18",45,299044.51430516667,185
"-18",-11,480709.8521445328,503
"-18",-41,137577.6034478487,20
"-18",-27,133258.89800331893,68
"-18",-16,436978.0333559622,380
"-18",19,528982.9553381151,537
"-18",-31,92065.43281526698,10
"-18",-5,599389.485234299,679
"-18",38,170672.9962856815,32
"-18",-44,154517.97192961763,49
"-18",12,631309.1794022953,722
"-18",0,672991.7604274342,766
"-18",40,155870.58433119883,16
"-18",25,325738.1181319309,261
"-18",14,622068.1736531715,726
"-18",8,689209.0192399567,745
"-18",5,745352.9331242779,841
"-18",-26,98952.98859714158,28
"-18",-24,96205.40414069527,9
"-17",-37,176975.0687599823,78
"-17",5,762326.4028412038,843
"-17",19,519094.0261306282,535
"-17",40,171071.85028692152,26
"-17",-6,579813.4603109722,662
"-17",4,765236.8268287098,846
"-17",-46,173026.80712126938,80
"-17",38,173887.7054335973,40
"-17",28,295645.2567834284,224
"-17",-19,310995.71190094826,197
"-17",47,303416.5512498789,195
"-17",-44,163235.53357563916,59
"-17",-40,219599.90747454282,127
"-17",44,258749.3418011262,136
"-17",7,763476.8335072995,846
"-17",-18,367966.44130305934,266
"-17",29,300018.19974404655,231
"-17",-34,131207.90608998432,32
"-17",17,584290.266149714,680
"-17",20,511866.24040892476,520
"-17",22,466343.18669307,456
"-17",-13,458846.99004388624,452
"-17",23,418318.1395041419,365
"-17",2,740994.945733965,839
"-17",-41,141190.7556410147,20
"-17",-33,126045.41437317777,27
"-17",-32,116495.20106398432,23
"-17",-29,166144.984988458,121
"-17",42,223472.13317416163,116
"-17",-23,132638.9860125386,6
"-17",45,276850.94002485997,165
"-17",-24,108357.46459715365,8
"-17",-26,102315.2355967841,28
"-17",37,189211.97998620855,59
"-17",6,763384.5225497467,843
"-17",43,247818.7581828234,132
"-17",-11,472056.97079359274,495
"-17",-22,187084.41815785956,54
"-17",-20,253324.56787550537,128
"-17",15,622679.884174062,729
"-17",-7,524450.4531488152,587
"-17",-1,692022.86272318,802
"-17",-28,149378.27346881776,99
"-17",-17,405565.7047138318,324
"-17",16,619495.3310177659,730
"-17",34,278393.4135354179,151
"-17",-36,157449.68616901996,50
"-17",-5,616985.912376291,708
"-17",11,705722.7865394575,811
"-17",-12,463120.1266278727,473
"-17",-39,255569.90508811377,177
"-17",-14,458567.0441457155,432
"-17",-27,123701.02257125457,57
"-17",-2,677972.6150181912,788
"-17",9,758402.385564632,856
"-17",32,259602.09405551755,124
"-17",35,253507.62772444193,133
"-17",-42,140868.89227470258,23
"-17",-43,153232.44357792323,34
"-17",-30,120143.179988096,57
"-17",41,184180.9689807944,70
"-17",27,311726.88550719636,237
"-17",-3,662992.7006970963,771
"-17",31,286588.440867931,166
"-17",30,285552.0542809805,193
"-17",0,705368.0388410296,815
"-17",25,335915.26315640646,262
"-17",-47,147973.89815381687,40
"-17",-10,486381.97916644876,516
"-17",24,372423.57867358753,326
"-17",13,642018.4002704852,739
"-17",-45,151881.55812976923,54
"-17",-25,90029.59317062679,12
"-17",26,323095.1031914204,242
"-17",-4,646912.7475471856,742
"-17",-8,490405.52563153,539
"-17",12,663195.9596054886,766
"-17",36,228287.66632201272,106
"-17",33,263267.0205477882,124
"-17",1,716930.8268767748,828
"-17",14,630424.4325887626,729
"-17",-15,454631.1812894002,405
"-17",-9,488157.72836283356,529
"-17",8,757364.4363564751,845
"-17",-35,139122.35829524673,36
"-17",46,273848.30142910307,142
"-17",18,538666.9994941644,576
"-17",-38,209277.24857445067,119
"-17",-31,96223.51112790151,14
"-17",21,500674.8576343517,507
"-17",-16,433848.2549322049,372
"-17",39,159280.69940663973,27
"-17",10,755255.6558335418,863
"-17",3,757317.941268155,851
"-17",-21,215698.69787380216,74
"-16",33,264106.6486797175,127
"-16",-15,443429.5130356299,396
"-16",12,721975.2843308469,849
"-16",2,737263.8791479297,848
"-16",3,744164.0805580164,837
"-16",-26,114398.11965898023,40
"-16",-14,451604.50538076134,423
"-16",25,371563.86618886626,295
"-16",-45,131421.68470184386,5
"-16",41,195795.6879762558,102
"-16",11,746090.5094996153,868
"-16",27,312020.1076552134,238
"-16",-42,145496.7470239202,22
"-16",10,748507.3874792008,864
"-16",-40,235700.07844050662,143
"-16",8,767001.7488824488,856
"-16",-36,154548.215861609,44
"-16",17,622705.8826198645,698
"-16",-6,604403.847958219,695
"-16",38,202097.24173140517,70
"-16",22,502279.3009594407,495
"-16",-34,141251.20102182418,28
"-16",-24,113439.10416201083,12
"-16",-16,427217.9692160184,365
"-16",31,267024.387242316,154
"-16",-33,123068.11107085296,16
"-16",-27,151792.42592198195,83
"-16",-11,471011.18517458066,494
"-16",29,289612.24815746123,212
"-16",-23,136851.09224575842,10
"-16",19,521951.83277974906,553
"-16",4,751078.3525944116,830
"-16",-39,263386.1339661533,179
"-16",30,277376.79915250995,173
"-16",-3,673267.5853565683,786
"-16",7,765218.1827802836,847
"-16",1,722009.737028619,837
"-16",20,508052.6216437327,526
"-16",43,242222.11512225264,132
"-16",0,712635.2642700573,825
"-16",-47,128422.10303066016,11
"-16",-31,96215.6093472417,10
"-16",-20,250928.23669477284,118
"-16",-35,144669.88078887435,30
"-16",-7,565252.3510181141,644
"-16",-25,104949.32132605676,19
"-16",-13,460414.9265749434,449
"-16",39,192351.2880682929,52
"-16",5,755837.5999152069,832
"-16",-19,335616.16766898317,251
"-16",23,465533.54131575825,436
"-16",-22,184966.16397951797,50
"-16",14,667192.5158857299,780
"-16",32,262210.3077089609,149
"-16",-2,686670.352155623,800
"-16",-38,224571.4328761618,125
"-16",-29,153529.8651911414,95
"-16",46,283349.1015101806,165
"-16",28,293481.9158885649,225
"-16",6,765108.6758884958,838
"-16",-41,171381.368159271,58
"-16",-37,176377.7253325076,76
"-16",47,311012.4523204222,185
"-16",13,686139.2104930587,804
"-16",-1,696687.9266305357,812
"-16",-5,637323.6954406371,734
"-16",-28,169938.31135813156,104
"-16",-10,479335.710372756,509
"-16",26,335106.8983153875,256
"-16",-4,664205.4284867622,770
"-16",-18,393173.65949155757,325
"-16",42,222662.66891548826,118
"-16",-21,216935.07781339265,70
"-16",-43,142254.25483996337,9
"-16",35,258243.68088478516,119
"-16",-12,469546.3077261392,476
"-16",40,199511.79826909068,113
"-16",-30,89366.10840493285,11
"-16",37,239887.76174046157,118
"-16",9,757895.164960255,861
"-16",21,506427.27821427287,509
"-16",-8,503835.21204941033,559
"-16",36,240349.89546019884,111
"-16",-44,130497.34498045432,5
"-16",16,630124.9590866619,725
"-16",34,289571.75779553276,158
"-16",24,409031.9298390338,357
"-16",44,250233.16073300396,137
"-16",45,272638.45254132163,178
"-16",18,551903.0800484007,598
"-16",-17,417185.86356851796,354
"-16",15,655075.957901285,769
"-16",-9,485080.45214979036,524
"-16",-32,114084.53921150447,13
"-16",-46,126966.27517539535,5
"-15",46,272949.54906680033,153
"-15",3,735436.9547806664,809
"-15",42,226698.77196490762,133
"-15",10,748583.5292709625,862
"-15",31,262733.7744449643,147
"-15",-21,208778.04502997213,68
"-15",-45,129418.27124298083,2
"-15",-10,479359.17247574404,506
"-15",-28,190663.07297720847,118
"-15",13,735734.1645073764,873
"-15",-29,155766.46365670895,79
"-15",-31,107543.43439979263,6
"-15",32,252830.2443455043,122
"-15",8,768643.418767223,854
"-15",27,313774.34072414355,240
"-15",-41,131919.7235530496,5
"-15",-7,575547.7248841162,647
"-15",22,505047.0294094702,493
"-15",20,519346.182001476,545
"-15",-47,136839.33985681494,10
"-15",-33,125420.8400487248,12
"-15",-34,137935.8240768593,32
"-15",29,297584.71160906943,215
"-15",40,217371.31047841947,146
"-15",-39,202754.39426811275,89
"-15",7,767878.1023366238,849
"-15",44,248441.08879020423,137
"-15",1,728690.5975332737,841
"-15",45,260684.07370251205,154
"-15",9,758424.3960685888,858
"-15",-23,127280.52422737813,0
"-15",-40,166665.62027251473,48
"-15",-30,94833.05279733262,5
"-15",2,721658.4139630732,817
"-15",-27,132142.01149942473,40
"-15",-16,435993.9162856198,375
"-15",-5,643810.0376107896,740
"-15",-36,160603.01892039634,47
"-15",25,382193.9663614473,306
"-15",11,740389.7917663351,867
"-15",-9,496584.7793552382,534
"-15",24,415242.961079305,365
"-15",28,293285.0256467094,227
"-15",-1,705022.0044036095,817
"-15",14,736727.4235848035,875
"-15",43,246031.25278258702,142
"-15",-2,693069.9797490968,803
"-15",-6,609788.1541345887,698
"-15",23,467127.7329193456,437
"-15",30,295869.4990933707,204
"-15",5,754134.9873222668,828
"-15",-42,122310.55417961741,0
"-15",-43,124107.11307629889,0
"-15",39,228061.98232781203,157
"-15",-18,389647.21072623285,340
"-15",-26,108276.11589287598,19
"-15",38,217192.6807695646,96
"-15",-22,177474.16624374306,37
"-15",-8,526226.5684766903,584
"-15",-14,456616.2040386872,429
"-15",-44,121986.2977182577,1
"-15",-46,135517.30460878517,5
"-15",17,672866.706251668,758
"-15",-11,472068.9751948496,490
"-15",-24,110212.56179137873,4
"-15",-15,447686.9970980577,403
"-15",-17,428309.151730445,382
"-15",6,757066.2044589797,836
"-15",-19,321306.0173047011,234
"-15",-38,218614.99926653408,114
"-15",35,277765.2666917311,138
"-15",12,737520.7323418352,870
"-15",-25,105464.33913377576,7
"-15",37,232733.76896572206,108
"-15",26,340083.0338330587,262
"-15",19,548026.4722732635,589
"-15",15,739018.6410693695,878
"-15",-20,262037.65566516476,152
"-15",-35,131645.68367192813,24
"-15",4,740836.6853611481,815
"-15",34,281169.64643706527,139
"-15",18,598834.8209706547,662
"-15",-13,462746.9787868125,453
"-15",-12,467233.5074638423,473
"-15",36,266198.12096481695,151
"-15",47,319180.3706580946,203
"-15",41,195949.54246067224,97
"-15",-37,188539.3078744327,79
"-15",33,276174.7687121564,152
"-15",0,716649.7662755119,829
"-15",-4,664939.4268438088,769
"-15",21,508323.51100322715,519
"-15",-3,682345.6462058199,789
"-15",-32,124725.55807553547,7
"-15",16,717196.0695119104,824
"-14",11,745721.3257793365,865
"-14",-23,122057.34190672557,4
"-14",18,635940.9923322074,706
"-14",-27,140523.1530319448,56
"-14",-25,109916.87523905058,12
"-14",-37,150333.7588416319,45
"-14",26,361310.1927344608,292
"-14",31,279934.2545956856,190
"-14",20,557219.8462971337,606
"-14",33,310386.02511922776,189
"-14",-41,129206.17821656498,0
"-14",-34,127147.10496317885,15
"-14",34,309177.3385134871,205
"-14",43,250104.99729925432,145
"-14",-18,429377.2160925769,379
"-14",-10,523008.83985703596,557
"-14",12,741842.9393637835,870
"-14",-11,484456.0113136946,507
"-14",-40,170533.34582510637,45
"-14",1,719152.6857081916,795
"-14",0,722666.7216348285,828
"-14",-7,599940.3924851144,675
"-14",8,764749.8507295001,851
"-14",-15,468197.13158648007,450
"-14",-47,137332.80445582,15
"-14",-46,128784.35531032537,6
"-14",2,725717.4044493409,791
"-14",4,765771.7521163451,844
"-14",5,787007.3269180704,873
"-14",36,304043.6484885519,212
"-14",7,758750.8862234644,841
"-14",-5,653660.5109473186,749
"-14",-33,124882.33914679705,13
"-14",42,234494.44035216334,144
"-14",-9,549822.1085695337,598
"-14",-39,225891.57132486187,119
"-14",46,242923.87400893844,111
"-14",22,521878.91281487886,524
"-14",-31,124407.09710253692,9
"-14",44,250271.86273050625,143
"-14",-36,132963.41962703032,21
"-14",21,527214.2554402896,556
"-14",30,293714.3575005984,213
"-14",-32,131620.99464687795,13
"-14",-44,117164.59104514211,3
"-14",37,258809.36594382586,153
"-14",-24,108072.60175958503,8
"-14",-45,123294.04796030158,3
"-14",-28,154361.31705632104,73
"-14",29,297883.24782605155,223
"-14",23,489253.8580053476,466
"-14",35,344184.93106094975,241
"-14",-3,688067.8592350986,795
"-14",40,217908.59895853244,144
"-14",48,304447.2215098806,211
"-14",-1,715973.2628450708,823
"-14",16,716162.138579106,816
"-14",-29,147482.79091388,63
"-14",27,330685.17833073833,262
"-14",17,669341.6324060372,749
"-14",28,300188.51512753405,236
"-14",-8,567525.3270052704,628
"-14",-4,670703.2223001673,776
"-14",47,260115.48435972846,136
"-14",24,440445.07346976426,398
"-14",-30,127382.64162705764,30
"-14",-22,170549.55168178718,37
"-14",19,614544.4125910723,678
"-14",-2,704462.2604740125,808
"-14",-19,335821.2418043096,247
"-14",-6,631390.2195440098,720
"-14",10,750605.7672830696,860
"-14",14,737471.467032028,875
"-14",13,737486.6865896285,872
"-14",-13,469328.4250911251,461
"-14",-14,471795.9281311825,455
"-14",41,234198.16061268226,144
"-14",32,271608.3549652639,145
"-14",39,224611.917639813,151
"-14",25,402770.4515751004,337
"-14",9,758856.6833343356,856
"-14",15,723404.333845988,843
"-14",-38,195839.58143903472,93
"-14",-43,121420.67729737119,3
"-14",45,252659.58714347146,133
"-14",38,239330.9486099519,161
"-14",-20,298203.23477379105,195
"-14",-12,476352.38696682994,486
"-14",-42,124074.81188721147,1
"-14",-48,142035.87148909346,12
"-14",6,762418.6006519397,842
"-14",-17,463889.06337131484,424
"-14",-16,464205.16407218063,427
"-14",-21,240310.84837692976,117
"-14",3,763100.7237367785,847
"-14",-26,123924.34154731894,31
"-14",-35,128441.7184226672,18
"-13",-13,547038.267996445,566
"-13",14,745202.0451699172,875
"-13",6,805821.4039619364,900
"-13",-3,711848.5194271385,826
"-13",19,618458.809039388,677
"-13",4,778065.7646408848,850
"-13",22,587212.2542245433,627
"-13",-45,126678.88578796947,13
"-13",-38,167083.51275503135,62
"-13",-31,118805.92425179516,1
"-13",-14,531548.2903911193,535
"-13",36,316599.00846040103,241
"-13",-22,176488.4320950695,62
"-13",-8,618815.2636313416,680
"-13",38,310184.2570396681,256
"-13",8,763523.2550531761,849
"-13",-21,208636.74814961024,79
"-13",-16,481051.24628216133,447
"-13",-27,153647.7879065923,65
"-13",32,312034.3658477725,237
"-13",45,225269.65279342205,99
"-13",-41,125208.52409824432,1
"-13",10,752047.4015022973,859
"-13",46,253719.9567857665,147
"-13",-30,133012.2381333344,36
"-13",24,460835.1913545318,453
"-13",-33,117296.45201828328,10
"-13",-28,164247.7340383317,83
"-13",33,344379.7450783938,253
"-13",27,366840.9628914705,321
"-13",42,205606.6964014474,106
"-13",-39,189128.98715792818,78
"-13",-36,125586.26640361974,27
"-13",20,601064.2686222156,653
"-13",-1,730277.1447222228,816
"-13",29,366880.2863056718,325
"-13",-37,139019.52207375952,42
"-13",-24,105218.96628866637,10
"-13",34,343253.3238519607,254
"-13",-42,115612.56896790609,0
"-13",-25,106719.88347513064,15
"-13",-43,115840.65791739093,0
"-13",23,506741.6877196069,518
"-13",-18,413301.071839866,352
"-13",-9,601161.0734183587,663
"-13",5,795972.9779303373,877
"-13",15,724315.2233786032,833
"-13",41,237244.86460669563,145
"-13",7,780659.8511577088,868
"-13",-40,171322.75378174847,51
"-13",-7,636279.9501854321,716
"-13",2,734619.4873900446,785
"-13",1,731921.6642185728,780
"-13",-26,127949.55678943827,35
"-13",-5,693716.9871942432,794
"-13",28,341965.45840826834,297
"-13",40,298691.0411293874,222
"-13",47,299561.8462820909,202
"-13",16,716180.8934382393,813
"-13",37,311086.3970618801,247
"-13",44,226627.57087965813,105
"-13",-44,120420.45108744378,2
"-13",-48,143453.15619787885,5
"-13",-46,127436.1582527002,12
"-13",39,309802.6665793129,261
"-13",-19,319766.792094717,227
"-13",48,364831.8174459449,298
"-13",-11,575224.6666780622,617
"-13",-12,560577.3760921468,590
"-13",3,764719.1804097958,826
"-13",17,678685.2166224002,751
"-13",-47,138529.31239106457,9
"-13",11,753559.2248921465,864
"-13",43,231265.35224204394,121
"-13",-34,123547.36499252498,15
"-13",31,309940.9948594963,242
"-13",-10,592480.7544283475,642
"-13",-35,117513.80674297214,20
"-13",35,340948.47492175584,246
"-13",9,757720.2419711213,854
"-13",25,447551.8911056999,415
"-13",-32,124268.59892645743,4
"-13",-2,720637.2886636631,831
"-13",-4,699580.8024951149,808
"-13",-6,665397.8169412351,756
"-13",26,401234.09710797435,356
"-13",-17,452515.54951127624,404
"-13",12,747839.7330225782,869
"-13",30,355550.9444266022,305
"-13",-23,116381.85741503157,12
"-13",-20,272634.6371121582,164
"-13",0,727608.9080147261,784
"-13",-15,508638.5570736101,494
"-13",18,646622.6358392523,706
"-13",-29,167251.05535322288,87
"-13",13,747337.8593766207,872
"-13",21,595949.3301103327,639
"-12",35,324528.7142407982,235
"-12",12,755868.9094415025,869
"-12",-22,157367.92058986632,39
"-12",-25,116118.22049215403,24
"-12",-19,334411.14316164947,247
"-12",8,829758.2823865779,944
"-12",29,377032.07348022517,331
"-12",37,306017.7154969831,236
"-12",-17,437465.6571816228,388
"-12",10,787126.2040233155,904
"-12",-39,190531.61529264532,87
"-12",24,529623.0003258982,548
"-12",33,321485.0638645606,246
"-12",-47,145655.96086301884,11
"-12",2,748175.1146680616,793
"-12",-6,694669.8598698563,787
"-12",40,219440.8145057187,111
"-12",39,256735.30537656698,180
"-12",47,302943.99320108583,210
"-12",42,214994.0721895985,101
"-12",15,731709.2345025548,829
"-12",-10,590285.7559068192,643
"-12",18,662804.2609217889,713
"-12",-43,129853.06661651393,9
"-12",19,627733.5790195954,672
"-12",-46,132563.047364896,7
"-12",31,326473.7529023014,265
"-12",-33,119837.6144452699,18
"-12",-28,175439.70133962462,97
"-12",22,588391.2915240056,627
"-12",-44,137599.36262066374,11
"-12",1,726913.6177913577,761
"-12",20,610089.975808832,653
"-12",25,476291.36978096236,481
"-12",46,285472.0984208216,202
"-12",11,762665.8356905696,873
"-12",38,304681.6171747945,245
"-12",-26,129103.1611786592,45
"-12",-40,179730.0477549887,62
"-12",-5,726519.743017896,839
"-12",36,314574.413901839,232
"-12",23,554568.5096609863,586
"-12",17,701823.1464716628,766
"-12",-29,164640.67176786772,80
"-12",-41,137643.11073765295,12
"-12",-2,716562.6977999777,797
"-12",-20,249065.01888226406,126
"-12",-48,157647.4468451454,22
"-12",-36,130176.94989708929,31
"-12",-9,608797.531472598,664
"-12",34,342957.54678269825,265
"-12",-24,111157.86595420785,14
"-12",45,242265.85184945405,120
"-12",30,366023.42609812104,319
"-12",16,726940.7482771132,810
"-12",-21,202389.95277221175,69
"-12",13,752464.7983606646,872
"-12",-38,198874.0304701558,104
"-12",21,601384.1952326187,640
"-12",4,787009.207966232,855
"-12",32,299009.39711620833,223
"-12",0,720780.5864795855,756
"-12",3,776958.5730371389,835
"-12",-4,729203.7111269048,847
"-12",-7,651893.4073613187,720
"-12",-14,520722.5559607927,519
"-12",27,399411.8459209523,374
"-12",7,824296.7844433186,924
"-12",44,234548.53670020777,112
"-12",-11,571023.1938155919,616
"-12",-23,117845.76370181677,11
"-12",-16,469723.99376836506,428
"-12",9,829191.472651435,957
"-12",-42,121577.59922372583,1
"-12",43,228675.25496174215,106
"-12",48,344841.126437874,263
"-12",-18,395521.0485180992,330
"-12",26,440344.9261644405,432
"-12",-35,121118.22806974009,28
"-12",28,382757.2808644327,347
"-12",-3,723051.2642276227,832
"-12",41,193363.63063540013,72
"-12",-31,124198.49218300243,7
"-12",-15,495463.66639107483,462
"-12",-27,173054.54059827692,100
"-12",-34,121543.1737873313,22
"-12",5,799468.1996120671,880
"-12",-30,141871.65760709866,40
"-12",-13,541550.9852195946,556
"-12",-8,621256.687543712,680
"-12",-12,558730.0801421372,586
"-12",-37,153908.46100839338,49
"-12",14,747852.4646420217,875
"-12",-1,712694.9934875447,763
"-12",6,806034.0821765125,903
"-12",-32,123693.99027886633,10
"-12",-45,132362.6969803691,8
"-11",-4,750362.4159057667,869
"-11",-40,175008.88101326273,60
"-11",-17,439583.31887159566,389
"-11",-35,119104.44401133216,26
"-11",-42,147565.72628024788,10
"-11",6,810537.2794194174,907
"-11",-6,715576.1691625126,803
"-11",21,608983.9476541214,642
"-11",25,431447.28111267113,410
"-11",30,354582.3955361991,303
"-11",42,219785.47982006526,83
"-11",-12,558752.0616929876,590
"-11",22,598166.7712207577,632
"-11",23,575622.0024776814,611
"-11",-8,622680.3120280191,680
"-11",7,821160.8565221736,928
"-11",26,392622.4586119052,356
"-11",-41,136577.27033081275,5
"-11",17,732266.8443156823,791
"-11",-10,593332.1531582205,647
"-11",-30,120934.82174461457,2
"-11",-29,149412.39233430437,59
"-11",-28,171365.1700639241,98
"-11",20,617724.0292499475,657
"-11",43,230656.52305403084,100
"-11",5,802987.3415615073,886
"-11",24,509588.24818640586,526
"-11",34,328760.14399741864,254
"-11",19,646246.8525090324,683
"-11",-27,130910.8097299428,51
"-11",-7,666968.2424810556,747
"-11",11,797116.4416387159,923
"-11",39,234112.21237126793,121
"-11",-39,187361.90918707673,86
"-11",18,679297.4749728913,720
"-11",-43,152003.63702272135,8
"-11",-1,732054.7773755889,782
"-11",48,300944.70681872324,189
"-11",-44,158990.8457685818,8
"-11",-11,576519.1471760977,620
"-11",0,739164.0802666842,780
"-11",-26,105173.33487399343,19
"-11",47,295204.56170821714,173
"-11",-38,198751.3298925458,104
"-11",-19,341727.03840346803,246
"-11",15,734564.3536423318,829
"-11",45,247950.97106808232,115
"-11",13,768408.6423534378,891
"-11",-2,753207.2583020638,819
"-11",-31,133550.36673174333,9
"-11",9,838291.2022673923,958
"-11",-36,141990.68758869398,44
"-11",-22,130766.0597496525,0
"-11",-20,255641.2500688045,142
"-11",37,308010.6411317742,231
"-11",3,790344.0163463713,851
"-11",-32,127387.47107120333,16
"-11",38,262103.7045597381,183
"-11",10,832198.1215835682,970
"-11",-47,193500.82697082055,76
"-11",-25,103852.07638288975,4
"-11",-3,748402.1566470668,835
"-11",40,202839.80024282637,78
"-11",-45,161752.6287006902,13
"-11",-5,742306.8493968766,838
"-11",-48,180519.13627995955,65
"-11",29,365411.37149929884,311
"-11",1,759564.0989539978,799
"-11",44,237979.16437275772,113
"-11",46,307307.6082944899,219
"-11",-46,178639.55631327975,42
"-11",28,367163.75644565176,321
"-11",8,832786.2019344709,944
"-11",2,775394.1277708762,820
"-11",-21,178602.12223848005,53
"-11",-18,400809.59777439013,332
"-11",12,783483.5866565257,905
"-11",-9,611895.0507707109,665
"-11",-15,497219.8503654599,461
"-11",31,328949.4324072699,269
"-11",-13,543005.004390044,557
"-11",4,792698.0122390568,864
"-11",-23,114178.29516868692,0
"-11",35,332249.75475643383,247
"-11",33,304768.10317503207,230
"-11",41,201849.19520754952,65
"-11",27,371355.0317203075,332
"-11",-34,121999.0926918578,25
"-11",-14,523304.46781574655,518
"-11",-16,467874.90969960403,428
"-11",36,319676.4176135274,237
"-11",-33,131210.13019809744,35
"-11",32,296609.53656877205,221
"-11",14,752690.4194327823,873
"-11",-37,177840.45012549066,76
"-11",-24,104460.58322344118,0
"-11",16,731126.9425116315,809
"-10",12,810352.4288601344,947
"-10",34,321273.96822338365,252
"-10",-47,149411.18686362793,0
"-10",31,342615.2115198341,287
"-10",-31,142123.7039859898,25
"-10",0,771656.556454062,823
"-10",1,792532.4796419812,851
"-10",-19,359416.0027972967,261
"-10",42,240784.21140465103,101
"-10",-29,152536.78746250295,72
"-10",-10,592188.210133131,648
"-10",18,726583.2211554958,772
"-10",35,360806.2179431334,293
"-10",-28,166150.59467948167,96
"-10",22,608242.1728380065,640
"-10",45,273795.1313775506,146
"-10",33,313827.80143442575,249
"-10",40,208692.79786133178,65
"-10",-35,122741.91663887896,17
"-10",-36,142354.5470689819,37
"-10",20,638240.110607558,674
"-10",-42,179863.39004966113,49
"-10",28,357613.2182345543,301
"-10",-5,752364.7944638568,847
"-10",-15,505498.53320424573,472
"-10",3,820132.2526980408,900
"-10",7,819629.9855584487,931
"-10",2,805373.6285308626,864
"-10",46,257045.51241580825,131
"-10",-32,159712.4234527362,58
"-10",-37,177531.3421657543,71
"-10",30,345563.2848076639,293
"-10",-43,172295.63052675733,11
"-10",-16,476680.37273773446,439
"-10",10,836866.7992733928,973
"-10",13,784656.8250330399,913
"-10",-39,159504.79680044588,48
"-10",-48,134151.59267891006,0
"-10",17,740554.2141799731,788
"-10",-14,529371.0409501648,524
"-10",-7,684635.1586050126,773
"-10",-20,313809.2349050966,195
"-10",47,254129.13325968367,109
"-10",-3,738778.7883102188,790
"-10",-26,111139.78390003422,28
"-10",-18,416194.7265427036,343
"-10",16,748805.3527460984,821
"-10",-11,581192.6169539901,626
"-10",41,224448.55970592436,83
"-10",26,366452.07074904005,312
"-10",9,838364.0682174177,960
"-10",-24,111637.02608560458,5
"-10",32,302554.2502159157,235
"-10",-21,224316.00029318244,100
"-10",27,354197.22489828395,302
"-10",43,252251.33851240503,110
"-10",37,288286.92644442,212
"-10",-4,736606.9248932658,791
"-10",11,841494.3825515886,981
"-10",-27,135701.77859990127,58
"-10",-44,180899.88458034705,13
"-10",-30,130160.192446104,18
"-10",14,764254.9365519714,884
"-10",21,615105.4792685605,650
"-10",-9,606570.9232088056,665
"-10",-2,742201.9809406063,795
"-10",23,569994.0513723696,575
"-10",-33,131557.040516414,18
"-10",-8,633181.7203845852,707
"-10",-17,454675.5086372325,398
"-10",36,343525.1188400309,268
"-10",5,814025.4248661321,902
"-10",24,472789.7055548648,446
"-10",-22,136794.78295616328,0
"-10",-41,173406.22080894327,72
"-10",25,410233.8611087223,367
"-10",-38,183902.40631762822,77
"-10",15,754430.3857815827,851
"-10",-23,121722.30524475245,0
"-10",-34,124030.35246700968,12
"-10",-40,143610.70578543397,25
"-10",19,677111.1146108402,712
"-10",8,828905.8561965611,946
"-10",39,220715.30832427286,99
"-10",4,809958.8082858674,884
"-10",44,258755.56662778533,123
"-10",48,240276.2291510667,93
"-10",-6,720552.0700945125,811
"-10",-12,567284.8160659411,600
"-10",6,816919.7235018096,916
"-10",-13,551759.7323470165,566
"-10",29,354542.77201362594,297
"-10",-45,176760.8572868155,22
"-10",-1,753171.0619154659,803
"-10",-46,159813.64006619283,10
"-10",-25,103290.76014677403,11
"-10",38,251719.61418505822,168
"-9",43,276255.00629536266,140
"-9",28,342224.29213638906,284
"-9",18,728902.7037384479,778
"-9",25,431039.81701305805,392
"-9",34,337392.29107382934,278
"-9",-6,737209.1195006043,836
"-9",48,288241.3091026293,141
"-9",41,280018.00823189446,136
"-9",27,353765.974353002,290
"-9",29,349918.53452971566,287
"-9",-11,581824.3097587024,618
"-9",-22,168372.7949474732,56
"-9",-49,137144.7063117034,2
"-9",-10,591844.1067298583,633
"-9",23,557478.4638755512,551
"-9",-19,363175.4166679903,271
"-9",-16,492235.14187319524,448
"-9",-31,159899.2335903902,72
"-9",-13,550631.2764615073,572
"-9",44,253905.59619090564,120
"-9",20,705874.9676106469,759
"-9",-40,189084.98209870816,88
"-9",16,782889.6734175216,862
"-9",49,316682.07524198375,203
"-9",-46,158701.6893734252,0
"-9",-45,158050.55237497887,0
"-9",31,342062.57019546605,283
"-9",-4,742170.4961397373,782
"-9",-24,102083.40414611946,9
"-9",26,383184.45523118915,332
"-9",-27,139988.97549614613,62
"-9",-28,167941.6789099931,92
"-9",-35,133903.25067091384,13
"-9",-9,598762.956177373,643
"-9",8,831590.1302450905,956
"-9",-23,112064.69529222703,4
"-9",6,825844.4245981127,932
"-9",5,830940.9818236124,927
"-9",1,788082.1500056385,832
"-9",2,810293.7204482239,865
"-9",-17,467803.73720645596,405
"-9",-39,191249.94784650995,101
"-9",-30,179064.71747552027,102
"-9",32,347314.0636041307,301
"-9",-33,126033.69824336674,8
"-9",12,845730.6689554101,994
"-9",-25,98043.00889873753,13
"-9",-47,141334.14204994158,0
"-9",21,700364.7471073613,755
"-9",-36,144071.1363597652,25
"-9",-26,111088.13583026845,31
"-9",-7,702335.2267785827,796
"-9",-8,662647.4238327917,741
"-9",-48,137528.48696722102,0
"-9",7,826586.014586661,944
"-9",-43,146663.7731855593,1
"-9",10,839011.9180995078,976
"-9",0,767310.7472553856,811
"-9",-15,518052.98609148554,482
"-9",14,837694.9544650535,991
"-9",33,340153.6435265217,282
"-9",9,838441.0509499597,968
"-9",13,847807.3871194411,1000
"-9",-20,310291.5993836412,207
"-9",15,824104.5975426971,950
"-9",-1,754380.9537822842,802
"-9",22,632638.4197384214,653
"-9",-42,143647.64884241117,2
"-9",30,342841.24731801846,285
"-9",17,753634.6875044748,810
"-9",-3,739616.1869570499,789
"-9",45,254915.2600172844,120
"-9",19,712382.569796432,767
"-9",-12,567143.3671912386,597
"-9",-21,243673.5081469077,135
"-9",-32,153039.8640908124,52
"-9",-44,153713.80183932185,0
"-9",-38,187634.59693699933,89
"-9",-37,155009.1087612554,36
"-9",4,829811.7687369674,916
"-9",36,380334.9624073308,342
"-9",40,277147.33896994486,147
"-9",-34,132740.78940936277,10
"-9",42,284744.4775496103,149
"-9",-14,535328.8085411753,529
"-9",-5,739533.7229262033,789
"-9",-41,133279.35950799746,3
"-9",24,502648.7967180997,478
"-9",37,346464.231480117,292
"-9",35,371739.0882716493,327
"-9",-18,428677.4131812114,348
"-9",46,248942.65002437518,116
"-9",38,326329.9097417836,267
"-9",-29,171300.12544906136,86
"-9",11,839625.3465957639,985
"-9",39,295644.1471055221,191
"-9",47,282055.0100038902,129
"-9",3,832936.0512395976,922
"-9",-2,744261.177722162,796
"-8",-45,142804.03607153185,0
"-8",-33,117492.63915987225,4
"-8",45,245970.17718573665,115
"-8",-19,374804.5627806969,295
"-8",9,848444.9009130577,990
"-8",-40,157056.07614131641,60
"-8",-21,240459.81011885844,132
"-8",10,848111.5327152874,992
"-8",23,625652.9648943446,643
"-8",8,843914.4453588568,980
"-8",1,791943.4903590672,826
"-8",-7,711012.0776130703,795
"-8",-5,735766.002505549,773
"-8",-3,752031.1033749604,792
"-8",39,283406.3737559943,172
"-8",-8,669291.8384748879,741
"-8",-47,138542.6512419294,1
"-8",-26,100329.7999636849,20
"-8",24,587557.7045603229,590
"-8",-11,582583.9582006456,601
"-8",46,246880.45029208818,115
"-8",-23,98215.5920626815,9
"-8",-31,171805.26529740315,99
"-8",17,778325.0015411885,851
"-8",47,279526.6681644285,128
"-8",-25,91695.01582741376,11
"-8",49,310058.27477038425,195
"-8",-38,170339.32610497277,82
"-8",-24,95549.69479039234,13
"-8",19,723990.0104530271,785
"-8",-22,152062.7859144241,49
"-8",-12,570787.8570003761,587
"-8",42,246419.22320270858,111
"-8",37,346060.6687488894,287
"-8",-2,759080.6418545736,799
"-8",28,357158.97991591593,297
"-8",43,264071.6639363183,166
"-8",-37,148037.1328748886,50
"-8",-32,138124.87394680537,47
"-8",18,756530.4759042847,817
"-8",-48,149211.32971805378,2
"-8",0,775775.0040540682,816
"-8",3,832901.3948776664,920
"-8",36,367970.8327890913,324
"-8",34,409744.36122161953,384
"-8",-41,127822.12822667879,15
"-8",20,710082.5202871663,767
"-8",-9,614796.3464364603,659
"-8",21,688879.7170885546,742
"-8",16,809327.0038558802,903
"-8",-34,121806.24958234422,10
"-8",31,368448.44423676503,324
"-8",-49,151356.21955357303,6
"-8",40,277727.9542334605,160
"-8",35,396431.82267500873,388
"-8",-36,133733.61873835063,25
"-8",-17,464413.279448801,413
"-8",-4,745648.9535009564,785
"-8",-10,585768.3052812401,615
"-8",-28,151933.5656016705,64
"-8",-18,424093.99866182945,362
"-8",-6,726861.4192898584,782
"-8",4,849250.3755330687,952
"-8",-27,123838.66651091428,38
"-8",-14,529293.5736642944,513
"-8",15,830298.7870815574,946
"-8",26,433223.53073594475,395
"-8",-20,297230.18717261293,193
"-8",-42,127383.16479593297,0
"-8",44,250152.3888963279,141
"-8",-16,493235.51674895635,448
"-8",41,261081.1242552301,130
"-8",-46,136709.60236771076,0
"-8",22,654522.4513256073,693
"-8",32,395575.74576138856,356
"-8",-15,507666.422756382,474
"-8",-35,127433.31034942319,16
"-8",30,336617.53834054386,289
"-8",-44,143699.92452773158,0
"-8",5,837416.9214158105,931
"-8",38,322535.8882016299,235
"-8",27,388947.8671580299,338
"-8",29,358484.8991539649,305
"-8",25,499455.4849336862,480
"-8",7,837100.5754944792,962
"-8",2,807897.8768369184,855
"-8",6,837496.1837678071,944
"-8",48,275830.80346926476,131
"-8",12,845895.172579627,999
"-8",-39,173629.2372728797,83
"-8",-43,135553.33419977955,0
"-8",-13,551772.8134449016,559
"-8",11,843123.7484626363,993
"-8",14,843628.9672915539,989
"-8",-29,180797.66644648628,99
"-8",13,848200.5204828132,1003
"-8",33,410317.44719236117,378
"-8",-1,760596.3130936946,808
"-8",-30,195813.24779756463,138
"-7",7,841830.9860543524,962
"-7",9,856513.2397882808,998
"-7",-43,122179.4430888053,0
"-7",40,269698.0845353073,175
"-7",25,517733.9302675072,509
"-7",8,843027.3017866269,980
"-7",-44,140601.03235720482,1
"-7",11,857724.0581750137,1014
"-7",-25,84305.93868137858,0
"-7",34,373457.3420470314,340
"-7",-3,756816.9550586345,788
"-7",-1,782330.6614905825,812
"-7",24,578134.8238393373,584
"-7",-32,144716.26371812704,54
"-7",-22,112599.20512853895,0
"-7",-12,554381.4276027781,555
"-7",-7,701511.5358158221,741
"-7",33,400955.40831226064,353
"-7",1,800410.7519278271,833
"-7",-15,505438.1688257272,484
"-7",42,272926.8605269865,157
"-7",23,615097.7808062745,639
"-7",36,359651.01365868124,312
"-7",0,796218.5748725557,822
"-7",-4,746429.5975097881,780
"-7",-40,162968.25826468423,71
"-7",-47,128304.25684030268,3
"-7",30,414710.9944758385,388
"-7",22,657440.3099642704,698
"-7",39,281623.3471843651,196
"-7",-29,196748.5068956735,125
"-7",21,689224.5978096498,741
"-7",-38,182457.9989339389,104
"-7",13,847922.8878555546,995
"-7",3,835804.5484427846,921
"-7",14,846710.0441987339,993
"-7",49,304850.6378524967,202
"-7",-20,229179.79872467616,112
"-7",-24,82451.93147099827,0
"-7",18,762999.1919813707,825
"-7",-14,519692.51939597086,497
"-7",-48,135389.27982409697,3
"-7",-9,643139.1458634622,693
"-7",-49,145619.66538801257,1
"-7",16,826634.5288942573,934
"-7",-16,493285.277838775,466
"-7",-8,676418.2885458997,727
"-7",-13,534333.8209194669,526
"-7",-27,111975.80765740394,12
"-7",-23,90934.85764275848,0
"-7",-6,717269.7973451073,756
"-7",41,265686.96984881157,161
"-7",12,858235.4844036528,1019
"-7",5,865592.9679788301,987
"-7",-31,163259.6593910187,74
"-7",10,860565.2992519744,1007
"-7",-42,119503.0157728049,0
"-7",-26,92409.31336371735,0
"-7",-11,578933.9857561927,589
"-7",48,270410.6816027016,131
"-7",4,855671.0208301683,964
"-7",15,830317.9060455608,951
"-7",2,802822.5885856971,840
"-7",17,792318.9203376727,863
"-7",-19,343295.17369533685,268
"-7",37,344054.8776760349,287
"-7",6,843512.6594373203,953
"-7",-18,431497.73668258113,381
"-7",-30,208623.78885278577,150
"-7",-21,174233.909057108,55
"-7",-46,123569.20893382352,2
"-7",-28,139704.55475935622,49
"-7",44,229058.84040245638,103
"-7",28,413327.4253302671,396
"-7",31,421465.35666087805,390
"-7",-36,137511.67246049579,39
"-7",-41,144450.98700138475,43
"-7",47,221913.0568843061,50
"-7",-17,479303.4890293352,444
"-7",43,259648.873721327,151
"-7",-5,732288.4085330452,769
"-7",26,479395.61343505,458
"-7",-2,766528.4113860299,799
"-7",38,306325.46040217974,226
"-7",-34,126095.02566875216,22
"-7",-45,134205.09062367654,1
"-7",19,737948.9014447957,802
"-7",45,213876.7886699411,70
"-7",-35,124828.75542184208,28
"-7",20,722790.7811448157,791
"-7",46,225336.79051442284,78
"-7",-10,618344.3743026386,650
"-7",27,450588.24933485856,425
"-7",29,405209.2224228192,383
"-7",35,365923.98511736677,319
"-7",-39,171741.72390791043,91
"-7",-33,127662.02569688944,12
"-7",32,393571.78189021035,349
"-7",-37,148945.9461437901,57
"-6",24,551829.4230690168,554
"-6",21,671858.9620724609,714
"-6",40,249368.27801144184,155
"-6",12,856687.3149707052,995
"-6",35,352318.3536338789,292
"-6",23,624736.3590707141,658
"-6",-1,787127.8850360282,812
"-6",-27,134566.910636595,41
"-6",-22,105504.48641707149,0
"-6",15,833426.161465831,959
"-6",38,269079.9994645906,180
"-6",-14,562613.8791778866,549
"-6",-18,420873.44312358875,376
"-6",-31,181958.38335972413,105
"-6",46,224295.79424113355,70
"-6",14,848575.6312519814,996
"-6",-8,687417.0350497182,724
"-6",20,725489.4656274513,788
"-6",9,859978.9669374005,998
"-6",-24,93076.9287008711,0
"-6",1,811328.5056881265,833
"-6",-23,97202.9825837749,0
"-6",18,776209.54455075,842
"-6",-37,159196.52765266458,73
"-6",4,859567.0949203749,968
"-6",32,387731.7426669809,327
"-6",48,250888.15639797956,113
"-6",7,885243.4343747812,1046
"-6",-41,122558.72560854633,0
"-6",-19,306892.6446540683,231
"-6",-10,651233.7255072707,690
"-6",13,853341.1989443548,993
"-6",-13,596794.4162687277,607
"-6",17,806951.5813701861,889
"-6",33,359143.3476625548,299
"-6",25,498022.9299527105,489
"-6",44,240146.02878460306,107
"-6",-26,117020.21898535274,19
"-6",43,253281.2123670843,145
"-6",22,636214.7155081544,676
"-6",-12,600827.6783668741,614
"-6",34,362654.4820311487,308
"-6",26,462679.2796570698,441
"-6",37,295111.9319819149,216
"-6",-46,120144.04192844979,4
"-6",-2,770773.7788291554,801
"-6",45,220989.6278927729,78
"-6",-48,134605.25123503673,0
"-6",-4,750782.3960005712,782
"-6",-45,132045.65337793226,4
"-6",-30,198860.78029663677,135
"-6",27,426116.1834261135,408
"-6",-33,128506.15757594975,26
"-6",-6,723934.2132621111,760
"-6",-49,143576.05680892896,0
"-6",-11,623964.9401094493,651
"-6",-32,193526.75465553507,117
"-6",-16,514062.81441753235,499
"-6",-42,123532.94218022343,0
"-6",5,873431.3684215602,1005
"-6",-40,129286.89420613972,21
"-6",29,395879.2570655228,368
"-6",-9,674400.9878763213,723
"-6",16,833523.1611798326,942
"-6",42,260798.47240922804,147
"-6",10,864007.5974651143,1007
"-6",-28,157320.00738847096,72
"-6",36,329372.2735565065,262
"-6",41,254182.14687732476,149
"-6",39,256209.1762339747,164
"-6",6,884399.9054478449,1036
"-6",-43,124464.24279983997,1
"-6",19,754958.9959999509,803
"-6",-25,99380.23383996035,2
"-6",31,396952.4560395888,341
"-6",30,393302.6448419403,353
"-6",8,852769.0379818744,989
"-6",-20,230713.65954104572,132
"-6",-29,196234.3191119898,128
"-6",-34,124105.19287307735,20
"-6",-47,126674.67791536082,3
"-6",47,214434.168831048,41
"-6",28,405349.28505695483,388
"-6",-15,530280.6475044409,513
"-6",0,803186.3872824294,822
"-6",2,823454.1267959072,864
"-6",11,868444.2307815279,1015
"-6",-39,158164.07608879753,71
"-6",-21,175717.19494842278,67
"-6",-44,127469.87554217262,2
"-6",-3,755534.2222889526,789
"-6",-17,474508.47099766,455
"-6",49,329900.0149898051,231
"-6",-7,711154.4959013977,746
"-6",-38,180045.3795703919,99
"-6",-35,122304.07666967098,25
"-6",-36,132580.85815829952,45
"-6",3,839790.1170978544,919
"-6",-5,736265.5894419136,769
"-5",27,421220.2631362372,407
"-5",38,265537.0422580295,172
"-5",17,831700.0967609179,920
"-5",16,835345.6507396922,942
"-5",25,494587.1894247707,489
"-5",4,864161.4793570552,966
"-5",22,634991.0831873482,671
"-5",-46,113360.20796649628,0
"-5",-30,202857.10497571903,125
"-5",-48,119897.82637870338,0
"-5",46,236871.76480656373,87
"-5",-43,127454.53028631551,3
"-5",-9,688741.4517505338,719
"-5",39,255657.66863734994,153
"-5",8,884134.8269385413,1056
"-5",-12,622665.2845631411,643
"-5",29,387512.93495053315,366
"-5",48,308962.3650376474,181
"-5",49,325356.56763154,214
"-5",-36,129863.02899234321,46
"-5",47,263122.17676877306,105
"-5",-1,790083.4879973301,816
"-5",37,285914.9449558172,202
"-5",45,226734.19055704193,89
"-5",-29,238511.36938512468,170
"-5",-2,775371.4967140371,807
"-5",-31,163538.27807223154,73
"-5",1,815844.0122449164,836
"-5",14,859235.1345464643,990
"-5",-11,659202.210154476,687
"-5",-14,549375.2170505183,525
"-5",19,767616.9930716673,814
"-5",3,845410.4860487643,909
"-5",33,366969.6983798305,312
"-5",43,289998.7814180436,193
"-5",-27,141994.8104312512,43
"-5",-24,109412.91952960056,0
"-5",-35,121563.82718169922,26
"-5",-20,264646.8315474002,190
"-5",-34,120136.28992384358,18
"-5",-18,389749.55127511034,347
"-5",44,235648.8677559833,96
"-5",23,607788.3342848943,644
"-5",-33,128454.0281400863,15
"-5",20,705470.5981057106,727
"-5",-4,764072.6342133585,797
"-5",-45,122417.4108443028,2
"-5",-41,125750.89345735847,1
"-5",-6,743467.6158120299,783
"-5",-37,172353.33352202375,99
"-5",-22,159626.99447617307,61
"-5",26,449202.9987641514,438
"-5",-8,706233.358001074,737
"-5",-25,108832.19840223202,5
"-5",-15,512490.3966424812,478
"-5",-16,467041.9006711374,420
"-5",9,877994.775806519,1033
"-5",-17,423794.8460270308,374
"-5",-32,150661.80306312643,51
"-5",5,876303.6088340419,1006
"-5",30,380851.44376530475,352
"-5",-39,140333.81535301555,38
"-5",6,884814.7470608682,1038
"-5",-42,126424.36659477587,2
"-5",-38,158636.6019345611,74
"-5",-21,217780.4191729043,128
"-5",-40,120258.04563355817,1
"-5",36,333328.5008547182,262
"-5",34,377048.1230263315,326
"-5",7,895210.9737014512,1070
"-5",-3,768734.310599508,802
"-5",-28,185567.0709412088,104
"-5",11,861089.9087253751,981
"-5",42,302177.031002635,212
"-5",2,837473.0400371823,880
"-5",24,541659.0207022484,554
"-5",12,862108.7637573866,980
"-5",-26,121779.6385056217,16
"-5",-23,110200.69160755117,0
"-5",-5,753749.1490633013,788
"-5",-7,728841.1317062387,764
"-5",28,402727.7947568005,385
"-5",21,662710.4149966167,693
"-5",13,862077.3821770585,984
"-5",32,394236.99185579596,344
"-5",0,807469.6263538256,826
"-5",-19,321972.7232596222,262
"-5",18,791489.9174370748,856
"-5",15,834571.0891781327,962
"-5",-49,135753.77427100443,0
"-5",40,271792.90116371395,184
"-5",-13,590334.6492967169,596
"-5",31,382124.7378544836,332
"-5",35,355063.01230471575,285
"-5",-47,116647.02199261436,2
"-5",-44,124101.06467502676,4
"-5",41,289095.3708602827,200
"-5",10,870219.7975474207,1012
"-5",-10,685030.12793477,727
"-4",13,859827.4014273279,977
"-4",-40,119882.33770550312,1
"-4",-30,193944.5930379941,97
"-4",-25,92901.99907620785,0
"-4",38,306903.22435859527,227
"-4",44,251977.76327809892,118
"-4",23,600810.2887887771,626
"-4",-11,657910.456699127,686
"-4",36,354524.2461445107,290
"-4",30,357965.79277144955,313
"-4",-2,790641.4885902172,827
"-4",-22,154223.84093098887,58
"-4",-42,125689.22093759816,3
"-4",-49,135405.9957670238,6
"-4",10,872736.418118732,999
"-4",-37,107547.53340931279,6
"-4",-35,96614.66557362938,9
"-4",28,384017.7068908906,352
"-4",3,856349.587794575,922
"-4",17,834150.1855627166,912
"-4",32,384226.84281566844,340
"-4",-46,115355.77880995946,0
"-4",19,797886.5364643371,844
"-4",9,880950.0887361104,1039
"-4",-29,175095.83953044144,77
"-4",-8,714790.1638419596,731
"-4",-4,772373.5395198246,810
"-4",-48,134100.735068871,4
"-4",-32,151035.2467708245,35
"-4",-5,759470.618664756,791
"-4",5,878239.1286025333,1009
"-4",8,900886.7193531065,1092
"-4",-13,590907.9982743221,590
"-4",-43,123407.63831487525,1
"-4",-44,118064.98290871162,0
"-4",-26,100403.89192492126,0
"-4",25,505076.3235356033,507
"-4",33,393305.13107278134,350
"-4",24,561869.3487232396,582
"-4",47,302286.5345417249,162
"-4",1,838026.2237272388,872
"-4",31,362994.8361528536,303
"-4",-15,508704.9064348844,465
"-4",7,894246.4679932217,1070
"-4",-6,743414.1756335435,767
"-4",14,862473.1651116722,984
"-4",46,258370.88668515076,115
"-4",-33,128655.74110821511,16
"-4",-10,681821.2683318642,724
"-4",4,869867.0199853515,969
"-4",35,369447.227073077,314
"-4",26,458101.6453818736,452
"-4",-21,211462.19550859788,129
"-4",-34,106575.36466722992,13
"-4",20,721179.4564305111,733
"-4",15,849677.2826941276,961
"-4",-31,175487.1527268389,65
"-4",-38,111078.36256635518,0
"-4",-1,805405.4171279379,835
"-4",41,310684.28293778375,232
"-4",-7,730560.6680488216,744
"-4",-41,124832.31895717667,3
"-4",27,430430.3154292613,414
"-4",-28,143786.8724047658,43
"-4",11,863936.1025633313,977
"-4",-18,345022.08994085493,285
"-4",-16,467965.51861607714,424
"-4",45,252768.86688859318,118
"-4",2,852425.7895993737,902
"-4",-20,253056.2750945546,178
"-4",-17,418031.72300865717,369
"-4",48,325769.1557247317,210
"-4",-23,118063.78000653292,0
"-4",-27,108408.7859208305,8
"-4",-47,121453.18473056097,0
"-4",37,344976.09922623687,282
"-4",42,321069.2218619089,234
"-4",-14,546134.5103238682,508
"-4",0,827222.6913275034,879
"-4",49,305575.66339931206,192
"-4",-45,117467.13812608332,0
"-4",12,857084.9151399359,972
"-4",-12,622496.3295380969,641
"-4",39,303700.80516058725,226
"-4",-24,105351.71793458782,0
"-4",40,306905.0337538045,231
"-4",21,669290.5455681623,690
"-4",16,836154.8266138386,925
"-4",-9,678016.339942481,684
"-4",6,885787.8497816909,1041
"-4",18,826118.9132027628,903
"-4",-39,114922.66840160362,0
"-4",43,294586.07085536123,188
"-4",-36,105052.60965282681,10
"-4",-3,781798.1216811988,819
"-4",29,364439.76846074057,326
"-4",-19,296467.754520697,227
"-4",34,379304.9562998253,335
"-4",22,642938.2350111726,672
"-3",-45,128815.37095073724,1
"-3",32,385247.5842056224,340
"-3",42,283431.0714380035,188
"-3",30,354350.46260667266,292
"-3",-39,128614.07770058852,2
"-3",48,307597.29598403885,181
"-3",-15,503329.1011518888,463
"-3",-21,216483.76905759357,128
"-3",-33,105034.3272930489,0
"-3",10,871480.5450111774,991
"-3",-26,98446.46757915051,3
"-3",-49,144874.76219801014,1
"-3",-10,659493.1667610633,668
"-3",-14,547170.3704539804,512
"-3",31,377121.4020069365,317
"-3",-2,790848.1973530268,827
"-3",-43,127978.50985218634,0
"-3",-29,173709.3655024943,73
"-3",6,884119.4508603183,1041
"-3",-46,126920.47839043678,3
"-3",9,893856.7912416762,1050
"-3",-20,253753.7491706308,178
"-3",3,867050.5643562893,930
"-3",24,570251.6670442204,584
"-3",-8,729868.9524020199,746
"-3",12,860050.1974410857,977
"-3",46,293013.14094070805,177
"-3",35,417192.0733622583,380
"-3",-4,773337.8323530118,809
"-3",26,436612.9066232542,403
"-3",-18,342830.6608770796,274
"-3",-36,89712.52725996805,0
"-3",-17,413277.55326296005,357
"-3",16,835915.5990430015,926
"-3",-32,116178.7683582864,0
"-3",-23,110469.05887567853,0
"-3",-40,137837.77771389048,3
"-3",7,892923.5645279917,1068
"-3",22,690553.8482365442,736
"-3",43,276228.453944631,166
"-3",40,300933.4095031889,234
"-3",0,834626.9859240166,903
"-3",21,737832.0708463256,789
"-3",-31,161066.6574172695,48
"-3",47,305590.39235835447,175
"-3",33,391992.0741167594,356
"-3",-47,137375.41515482162,6
"-3",-5,763756.3625933838,792
"-3",-25,104345.40051444316,0
"-3",-48,149821.44451568252,8
"-3",-1,802131.3706401174,834
"-3",11,860835.6673271592,979
"-3",-30,173110.70677917317,72
"-3",-12,616330.0610293706,634
"-3",41,299647.2443695238,217
"-3",49,306661.51105032524,194
"-3",-16,464502.68403346016,417
"-3",15,849559.5689599095,961
"-3",1,844859.1331481058,898
"-3",-34,88330.73021474534,0
"-3",2,856980.2280767291,910
"-3",27,380412.73237560404,334
"-3",14,863460.8129674727,972
"-3",44,260177.04215028317,130
"-3",-24,104073.30804230289,0
"-3",-22,141383.37756200726,34
"-3",4,868466.6030332488,963
"-3",-13,581224.9597397408,569
"-3",34,400710.65153381485,370
"-3",36,388521.35746605333,333
"-3",-35,88027.2434157233,0
"-3",19,795490.3221639597,832
"-3",-41,129837.14016745103,1
"-3",-28,133898.75028837583,34
"-3",-3,785273.9738044085,818
"-3",38,339538.35586137004,274
"-3",37,387912.6111562752,339
"-3",-42,132926.7403188443,0
"-3",28,346683.6594143028,287
"-3",17,836498.0033976289,911
"-3",-7,747389.9534733006,763
"-3",-37,97532.82490449966,0
"-3",8,890681.5066071498,1059
"-3",25,502623.77561266173,492
"-3",-38,110006.4463847116,0
"-3",39,315214.6893030184,246
"-3",-11,651387.399351448,679
"-3",5,877417.9254541211,1008
"-3",13,857894.7793055177,972
"-3",45,255765.36065844406,116
"-3",23,612413.0035513558,638
"-3",-9,677703.6006541132,669
"-3",-19,283928.4922674056,210
"-3",-6,751020.710649036,775
"-3",-27,110320.84313341559,11
"-3",20,767839.3675164859,805
"-3",18,812484.2461006219,874
"-3",-44,129551.24169271873,0
"-3",29,349055.3757035878,291
"-2",-31,203804.2083760315,125
"-2",11,875842.3569116832,1005
"-2",-30,181018.59421573812,88
"-2",30,412046.52511284495,374
"-2",-44,130318.70424976946,0
"-2",14,874694.3085285512,1002
"-2",-16,460375.10380137904,401
"-2",16,839943.260194639,935
"-2",35,446136.92205204087,414
"-2",-9,697614.8145421364,692
"-2",-34,95479.48054707269,0
"-2",9,880401.6125259238,1015
"-2",26,471756.7225919623,452
"-2",40,333043.7489388646,281
"-2",-11,618681.219683782,610
"-2",19,785337.0144346153,828
"-2",28,410350.066966924,370
"-2",-17,409408.5145116623,338
"-2",22,718959.5185317106,784
"-2",-42,137656.07092012928,0
"-2",25,527646.8394380328,532
"-2",-13,575147.930230289,556
"-2",-41,156282.9434408309,21
"-2",41,308283.03573840647,244
"-2",-6,777962.1367352591,819
"-2",36,417467.56071203336,368
"-2",-1,814104.4987774936,876
"-2",21,734645.0027227761,789
"-2",-37,103066.83543716087,0
"-2",18,811503.9028268537,862
"-2",-21,171463.51278218452,57
"-2",27,432005.9525461632,400
"-2",-33,109051.32755664877,0
"-2",-36,89217.51055571121,0
"-2",44,280681.4214486822,184
"-2",13,865582.0171333908,982
"-2",-26,113859.8771019636,11
"-2",3,867819.8573162527,936
"-2",-28,156197.68733345278,59
"-2",46,290388.0997980981,175
"-2",-2,792566.9314166068,827
"-2",43,299009.2330177171,217
"-2",-35,91208.32146061669,0
"-2",-20,236561.50973687993,138
"-2",-12,588295.5263255015,576
"-2",-45,123588.35791610804,0
"-2",49,315703.12603379576,214
"-2",31,462855.8731747428,433
"-2",-8,737348.6633084117,753
"-2",-5,775894.1643005607,812
"-2",17,837961.1276851526,915
"-2",-23,108645.75106388716,0
"-2",5,878910.8428232779,1008
"-2",-49,136381.06190550994,0
"-2",33,439982.9576428499,420
"-2",-14,537604.4443331051,503
"-2",12,857891.9040085562,967
"-2",-46,134423.12299298623,17
"-2",23,681028.2626969796,744
"-2",-43,135219.95141277832,0
"-2",37,372690.4721448591,310
"-2",-22,114670.85843408255,0
"-2",-47,133259.99496060057,0
"-2",32,458061.69345563743,433
"-2",-4,781522.4346973633,818
"-2",-38,118611.98496529792,0
"-2",29,391354.6356075876,348
"-2",20,760329.1230013677,804
"-2",-7,772416.8788921819,802
"-2",38,355932.2806634908,299
"-2",42,296393.67556064477,226
"-2",-29,178380.9140212879,95
"-2",15,853221.4586023854,972
"-2",34,438120.5022192489,415
"-2",-25,108680.40418949726,7
"-2",2,860540.0833784174,924
"-2",-3,786226.0209080973,820
"-2",-19,273975.55493030057,181
"-2",-15,497119.01718543936,447
"-2",-27,133801.84832229975,29
"-2",7,874333.7843410461,1014
"-2",8,875229.4732525625,1013
"-2",-48,140087.25222869567,0
"-2",-39,139631.62494501815,11
"-2",-32,117469.90277131615,0
"-2",1,851623.9093861827,925
"-2",47,292948.055812319,162
"-2",-40,179060.94673284038,53
"-2",-10,647006.4675907296,635
"-2",45,310050.03647121077,217
"-2",-18,331107.8265859445,249
"-2",0,846524.5956026514,933
"-2",39,340147.13210962026,289
"-2",24,601254.6154083086,630
"-2",4,865063.3499142469,952
"-2",48,289172.8945260798,155
"-2",10,883262.8536410274,1021
"-2",-24,104232.18384928972,3
"-2",6,885088.3995946323,1041
"-1",-10,648068.8373917596,633
"-1",12,883822.1810008007,1022
"-1",-25,118816.05466080258,22
"-1",17,845345.6753963912,930
"-1",-2,813341.2393854561,869
"-1",-21,190350.15197799954,99
"-1",-43,127281.63408314412,0
"-1",10,866439.4013237443,995
"-1",-29,233703.36169417293,170
"-1",47,273597.5980201483,159
"-1",28,432776.79916803323,405
"-1",-13,552365.760964077,492
"-1",32,457143.8366541835,428
"-1",45,297750.2272118318,206
"-1",-14,531713.040201401,466
"-1",19,785519.1706396447,831
"-1",40,323373.4654379947,278
"-1",-35,94656.81393577557,0
"-1",-46,139446.04185424699,7
"-1",20,755576.5040971144,809
"-1",43,324695.5029823623,269
"-1",-37,130274.78377726277,34
"-1",39,330623.33760660037,276
"-1",41,325475.76180096087,281
"-1",48,307448.45499003003,194
"-1",-39,182220.11835007966,80
"-1",9,868483.9118960677,1007
"-1",-28,191710.02043707765,120
"-1",35,449307.820095499,419
"-1",-30,254435.14254403865,208
"-1",11,871808.9115257569,991
"-1",5,879980.0768706893,1009
"-1",-48,119558.44077387878,0
"-1",-40,171933.99193398637,39
"-1",46,275715.19588836253,155
"-1",22,716742.7746688012,789
"-1",-45,133236.85483067154,2
"-1",6,875986.9620112355,1008
"-1",-41,143584.61311517074,0
"-1",8,868125.39679141,1007
"-1",-16,460227.4858572069,395
"-1",-47,138013.17180647288,17
"-1",-38,186387.95391632768,105
"-1",34,452748.9226053194,431
"-1",-20,208599.75677099152,110
"-1",-12,565271.5427642815,512
"-1",27,458680.8332173752,430
"-1",-44,130169.72433317965,0
"-1",13,883820.0102162254,1020
"-1",-19,238638.85766118916,141
"-1",-11,606712.0635502677,575
"-1",-3,806209.9202793799,864
"-1",24,572389.7954094759,581
"-1",-6,799076.4653123752,855
"-1",37,360727.08687306714,286
"-1",0,853639.307416829,949
"-1",49,349302.1438284859,259
"-1",-42,137878.51015129013,0
"-1",44,315214.143883051,253
"-1",33,446970.1083570569,428
"-1",-5,815877.7036878342,888
"-1",-4,818948.8897768231,886
"-1",2,861222.2504637688,944
"-1",14,881589.3399854255,1021
"-1",-32,139872.0218422056,46
"-1",-23,126198.61058912345,12
"-1",-49,126146.9628562088,0
"-1",-17,396371.11510264315,325
"-1",38,343038.0230210076,283
"-1",29,414153.4314081698,369
"-1",-33,110689.92973060653,0
"-1",1,859148.570928417,940
"-1",7,871933.9156798865,1004
"-1",-31,217755.1303429855,157
"-1",-9,704407.9999270447,710
"-1",21,734446.3363513896,797
"-1",30,396104.51881489425,335
"-1",-1,829260.2674226111,905
"-1",-7,780964.9035928944,815
"-1",-27,149598.31520239916,64
"-1",25,517936.85440520983,511
"-1",-22,128863.53829812432,10
"-1",-36,101674.45947837699,9
"-1",36,417253.11402467306,362
"-1",-18,308409.07796683727,224
"-1",-8,746536.2586681325,767
"-1",4,872553.832574321,959
"-1",-24,115738.06061004267,15
"-1",31,428623.4559315667,372
"-1",23,650367.1286299542,688
"-1",15,863616.5733104638,992
"-1",3,867697.9009522224,945
"-1",16,857806.2166035469,976
"-1",42,328036.9622989351,279
"-1",-26,125110.74053453845,40
"-1",18,809342.4896883804,864
"-1",26,484478.7966060975,464
"-1",-15,504339.101985929,442
"-1",-34,105289.15861156951,0
0,-38,177853.96376096288,89
0,-2,843705.6529556973,922
0,29,424542.13669933565,377
0,12,873879.6500910094,999
0,-27,145622.16149531642,76
0,-49,118186.43922718326,0
0,-24,109664.77871882079,5
0,-18,302102.31617116864,222
0,27,457465.5693981152,425
0,21,737822.3453505087,799
0,-3,841060.0323360417,928
0,8,851053.1870611082,981
0,43,317507.33318538475,258
0,26,479969.06987071835,456
0,30,416671.7024631868,358
0,-48,115298.15011180998,0
0,-25,112793.7050732246,18
0,-22,155316.11161703325,66
0,-29,251944.98060433235,193
0,10,855868.147042236,982
0,40,322271.9333969499,278
0,-12,583622.7952508187,515
0,33,463991.0307754275,427
0,1,859425.8911610467,963
0,-1,846472.7328143342,936
0,-10,669533.7808176723,660
0,13,886303.5140506288,1032
0,50,327706.3872518443,232
0,-15,503679.6724728472,444
0,-30,248454.65415637256,192
0,-20,227786.83438739556,162
0,42,321036.5694567713,265
0,-19,238947.84469025664,149
0,25,515376.3960825347,502
0,-31,235297.23279652986,185
0,-32,159181.48316675043,67
0,-23,141947.1869158238,42
0,-28,209706.66913922314,148
0,15,883324.0497882519,1032
0,-16,453032.2267939818,388
0,20,757271.6736935998,822
0,46,263352.59547686117,145
0,14,893765.6534831518,1054
0,34,458019.91310679977,416
0,38,354034.54136304127,298
0,36,420286.6267501804,373
0,-11,603430.7878492502,540
0,-44,131268.96276919128,0
0,-7,788972.1592836224,826
0,19,787436.0386904844,845
0,11,862178.7594716526,983
0,-35,121832.23225815722,24
0,47,271940.351101676,143
0,6,876829.9794054143,996
0,37,368065.5299809243,304
0,39,329095.53792020923,282
0,48,279398.2172842059,172
0,-42,130257.13072839564,0
0,-34,121241.28168208135,18
0,-14,531183.4030674166,472
0,-50,118677.86470242243,0
0,41,320150.89511861594,276
0,49,339618.8444832444,260
0,-13,560725.2672766089,494
0,-41,142772.78631984963,0
0,-6,809804.2765531703,862
0,9,850860.9030317958,980
0,22,710296.4776872926,767
0,-40,141309.87782767386,0
0,-46,137514.9160587791,0
0,28,435474.6695495586,399
0,-45,133406.20325336914,0
0,-9,715688.741264353,734
0,23,647612.1913551186,673
0,31,436453.89339253126,384
0,-4,827761.0267192478,912
0,5,886658.5627497063,1012
0,-5,818133.7438504077,893
0,44,321727.0357097143,259
0,17,860980.6752589144,976
0,32,431392.04532974004,379
0,18,815300.6305501199,880
0,-8,754325.808943023,783
0,24,563312.0789392233,565
0,7,860305.6804376903,991
0,3,870987.7192229117,963
0,-21,198269.41328449405,123
0,-43,125961.38938760558,0
0,0,861559.9791564669,971
0,-36,133576.4347191421,40
0,-47,128881.50721545029,5
0,-39,170291.92856920097,60
0,-26,125068.28927497267,49
0,2,863185.3544052988,958
0,35,435709.1031322959,387
0,-17,388944.49994424445,331
0,4,873483.9732488934,966
0,45,280186.89087052457,190
0,-37,158129.8565170246,65
0,-33,129585.47585719964,28
0,16,869215.7602628152,997
1,46,249701.48157320934,109
1,7,846990.5723381742,951
1,-2,853851.8537335332,944
1,24,569017.176464281,572
1,17,871507.1573884579,1003
1,37,354978.88721436186,282
1,42,334915.4651326611,272
1,14,892018.3142167083,1046
1,-25,85979.30018794678,5
1,-45,130267.5409230789,0
1,26,475751.2400648721,458
1,48,294572.39709021343,161
1,40,334711.512448835,281
1,1,877867.3626756185,1019
1,-20,248715.18487130603,188
1,20,758810.9561439978,817
1,-42,125990.51582890906,0
1,-31,219900.98713001277,142
1,38,352351.02325258625,294
1,-19,275789.12483390275,210
1,47,278688.46195706725,129
1,-28,142092.03214529605,53
1,30,408555.9442103928,353
1,-26,88572.92115741028,11
1,0,870926.40271182,1004
1,22,696801.6141107336,735
1,-30,251721.21506942154,177
1,-11,629465.1826975794,567
1,-36,111963.87300115789,9
1,-5,829164.0771086388,897
1,-40,125738.07510084935,0
1,35,435336.55816272035,364
1,-47,138401.29497149953,0
1,3,869913.8862524356,969
1,43,337506.9073760569,274
1,-41,131800.62496182296,0
1,44,326118.01412446436,236
1,10,854454.5666234633,974
1,15,899239.8511658929,1063
1,-49,115521.04783744233,0
1,-29,213210.17013877185,130
1,2,867107.8410605978,975
1,-37,105459.25531475621,0
1,-27,110796.12811509619,25
1,34,441945.4928738573,356
1,-18,326083.49457045103,256
1,-12,584170.6602152062,516
1,-4,837054.2074694003,914
1,16,883758.5444132808,1026
1,-32,162662.84361342344,77
1,-35,123118.88258637766,16
1,9,844791.6470984234,966
1,4,871756.839841813,972
1,13,879869.9124351495,1019
1,-9,726324.8876502425,741
1,49,352396.6347559637,279
1,-46,140599.3961313184,0
1,-14,527505.5191374177,474
1,-21,214731.16781291438,152
1,-13,557220.8397648726,496
1,19,787875.5600859302,852
1,-16,456837.4597410376,396
1,5,865796.7862329385,963
1,-33,127615.20874891392,17
1,11,859624.4157045906,981
1,28,438064.85851534177,391
1,-38,109766.53336888307,0
1,-48,119010.22001960079,0
1,-17,393878.87748023676,339
1,23,634829.1802940588,655
1,18,833559.8406268262,934
1,-24,97474.3248210949,0
1,-23,130345.20383098548,38
1,-15,495532.41304038017,445
1,-1,862590.5321090325,980
1,-34,137397.39459114274,22
1,6,852691.2571533513,946
1,21,742721.1562274786,794
1,12,867956.2665613937,986
1,41,329177.05025622895,274
1,-6,809543.273347951,868
1,33,426266.52600536187,349
1,-43,121072.15012118484,0
1,-10,686494.9674024313,673
1,-7,790780.7589523979,832
1,8,839513.2074810395,958
1,29,426030.4205421856,372
1,-8,764662.7541853525,795
1,27,451817.3097640907,422
1,-22,155994.18529744036,77
1,36,379436.5001110851,304
1,-44,132336.96191388048,0
1,-3,846335.063084076,929
1,45,282238.6483747998,166
1,39,329854.4507278915,285
1,-39,111377.48219511267,0
1,31,409644.90442910895,339
1,25,512440.57292961056,505
1,32,415169.60367961845,338
2,32,389766.7851759418,304
2,-29,178736.7413679903,91
2,0,869195.9249593976,1006
2,33,379163.22108814784,289
2,37,313943.77525052906,235
2,27,412899.0870362386,347
2,-26,102904.8947277826,25
2,17,883425.9141012675,1024
2,2,881580.5538627629,1010
2,-38,96952.12944946928,0
2,1,880593.5349140067,1029
2,-39,98536.01101311421,0
2,-23,109342.90567450265,2
2,41,323382.15163937554,258
2,46,265273.3892499528,107
2,-46,151566.61705455676,0
2,-32,123820.2600389939,6
2,-36,113569.71649870122,0
2,34,381875.15798457776,284
2,21,745382.8072205656,795
2,42,322720.5330714413,262
2,44,320399.1923573202,216
2,26,481799.6080217331,462
2,-10,694805.282086113,675
2,30,391261.2292025392,320
2,3,859370.319411521,954
2,8,841990.6455555748,944
2,-17,432842.9218706849,396
2,-19,292523.8425599086,219
2,-25,90623.9632936608,12
2,19,796666.0091959744,864
2,-9,736300.083696751,747
2,4,836451.1787861041,914
2,-33,110880.1815556918,2
2,-2,852777.2842888976,948
2,31,387396.9474634353,301
2,-43,118410.87172530247,0
2,-48,128297.83657780213,0
2,-41,125989.500263153,0
2,-5,831455.8196736972,902
2,39,322138.2631021772,260
2,38,311184.05076831114,239
2,16,907201.865235674,1074
2,-22,147567.6511208002,58
2,18,839204.9176281275,922
2,-3,851884.7595577677,933
2,6,840442.8271682499,921
2,15,901932.200787412,1056
2,36,348339.42464558955,239
2,48,290770.1201577112,134
2,-14,534182.1882686253,481
2,43,334359.35134420794,262
2,-40,121284.8178708197,0
2,-7,797676.5797156489,841
2,28,384860.61013354314,310
2,25,519578.1260850856,519
2,-31,166944.80304501616,60
2,20,764816.3214158344,823
2,-37,105125.04689956384,0
2,-42,115898.4389571492,0
2,-24,99553.89239693436,7
2,-44,124460.98255457602,0
2,-18,327809.34855349694,261
2,22,670402.2826456717,690
2,-13,576425.6312919845,528
2,-28,181721.76339417265,102
2,-47,136885.26611706647,0
2,11,864050.3390386768,979
2,5,840673.8251943282,915
2,-45,135454.3963554383,0
2,-20,252352.51610952028,190
2,10,853691.7971191503,966
2,9,845608.7731728945,955
2,23,610697.2912912482,623
2,13,871678.5824795531,999
2,-34,106749.05935053591,0
2,-49,125300.37536632133,0
2,12,865447.3523725859,985
2,-30,181641.33181586472,77
2,-6,817459.4886613108,878
2,24,575532.8662506706,585
2,-11,640713.2355257743,589
2,14,889820.6803025458,1038
2,-15,509405.7096288233,459
2,-21,209818.47219488595,138
2,-1,859391.2053483317,979
2,-12,604441.153057625,561
2,49,295478.5148603408,176
2,-16,474634.5064594471,432
2,40,318273.3140585503,256
2,45,285266.28073544725,159
2,35,384433.25006926386,280
2,-8,767611.465352515,798
2,-35,109262.615203302,0
2,-4,846906.3151136391,920
2,29,387405.40778843226,310
2,-27,134382.88326796907,51
2,47,296928.776306511,140
2,7,840051.5642183372,932
3,-35,108657.20924904925,0
3,49,335772.74562165333,236
3,-45,142924.49107135402,0
3,15,899521.6398482432,1050
3,-3,844559.0174828657,921
3,-48,129622.82630549982,0
3,16,906672.7493306721,1069
3,7,837114.2912524516,919
3,-16,506169.05757558456,479
3,-25,101134.2932833692,16
3,-4,841296.5440856167,910
3,-49,124002.08019607588,0
3,-28,191681.8098843936,113
3,-29,215075.18435309603,141
3,36,351745.1107401565,261
3,-37,102463.12286342765,0
3,48,318964.87845578237,173
3,37,303393.63094305474,212
3,-41,118806.22479114724,0
3,28,379054.59428902727,287
3,-19,301503.85852211574,211
3,-43,112821.7753753233,0
3,-18,323794.37912859523,242
3,8,838552.4979365291,934
3,-24,105565.0095920911,12
3,32,386636.1004816296,325
3,0,868405.556914438,1003
3,-42,113188.8866641727,0
3,9,846147.6898138757,944
3,-9,743172.0303039319,760
3,34,377708.2797843119,280
3,-31,189465.7073483817,95
3,-20,249279.34088063802,168
3,24,578388.0295476108,574
3,-27,143032.27410834565,53
3,-22,150233.12247999318,52
3,-39,105712.29233654164,0
3,-21,174054.9452091233,81
3,-44,122257.14379968951,0
3,46,308122.26951264136,158
3,23,611444.36585814,612
3,29,348020.77779617993,250
3,-38,104230.14210963486,0
3,3,846843.2888228437,959
3,-30,220384.0905950474,144
3,1,854054.0716375271,977
3,-11,655413.996839659,622
3,-17,426149.11722852575,388
3,-46,143662.48009350646,0
3,18,847020.3850575018,934
3,31,372761.5678393711,303
3,33,377236.9618260415,295
3,-10,699130.1611296003,681
3,-13,629862.219603288,617
3,11,865084.4766222823,976
3,40,326034.7948419187,247
3,6,834425.2300232402,904
3,30,362096.6720008776,291
3,43,330182.7664333092,243
3,10,857375.6135501083,962
3,-1,855702.0335238235,971
3,12,866852.4412239837,985
3,-8,773660.0753355008,807
3,-6,824081.0180412302,883
3,14,888143.2626174601,1028
3,42,339767.4371452835,280
3,-36,105493.00556050082,0
3,5,827329.8062959837,893
3,-33,118307.42772825205,0
3,17,916725.1536186525,1087
3,35,381093.47480044706,273
3,-15,571144.9889545226,541
3,13,868980.0624459059,991
3,45,301348.2953002849,173
3,25,501591.2618269649,477
3,-32,133750.44699761693,16
3,39,311595.25917797186,234
3,22,660888.2659853882,669
3,-40,111715.61773328208,0
3,-23,121259.39229554716,9
3,-2,845197.1215570603,931
3,26,450363.21039714414,410
3,47,324133.0402247221,176
3,-34,113283.16335818845,0
3,2,847537.1237534754,956
3,-14,607245.4752403755,589
3,-26,117428.44173911147,31
3,-47,134353.51536417103,0
3,21,721675.800383267,748
3,-12,635475.8679665851,607
3,38,304850.37116467295,218
3,-5,836856.5821228847,907
3,4,823304.1606003739,883
3,-7,805564.4184922716,851
3,27,399676.6525221764,334
3,19,805473.9220680448,875
3,41,334676.58520004107,280
3,44,321344.5820509725,215
3,20,770105.3468445961,827
4,7,841774.70146444,913
4,-24,118906.25515406755,13
4,40,340611.32186561095,244
4,-31,194468.8743977047,102
4,-20,196103.90301691656,94
4,32,446813.4610706769,416
4,19,862197.5721187739,978
4,0,828622.8423425775,924
4,42,368488.4688792609,328
4,39,325201.8747453444,227
4,41,351016.41068894666,287
4,-49,133330.9542590532,5
4,22,670449.3764705742,675
4,46,367059.8125442423,239
4,-14,591467.0134107106,562
4,-8,775317.187267312,812
4,-23,125933.46921927825,10
4,31,438563.05038918636,419
4,29,431772.3796726947,378
4,-42,113170.98882719358,0
4,30,440609.58279410604,413
4,27,433476.5640648821,387
4,-1,860987.083964937,979
4,26,457799.3603284034,409
4,-27,156620.6106160168,66
4,15,895592.495250615,1045
4,43,370129.727024554,307
4,47,337655.7174227571,211
4,-2,845464.9365033639,929
4,24,536926.9390653493,502
4,-26,129231.13908314846,39
4,13,877176.3073788178,991
4,-17,367961.8038850367,310
4,9,849007.5450897738,944
4,49,341323.8859012693,255
4,-3,842408.8919565304,915
4,-18,273551.578404189,199
4,36,358324.07510414725,277
4,45,384362.66038325423,271
4,4,836798.2669287631,938
4,34,401077.9765802746,313
4,21,727571.6871080941,747
4,-46,133318.12820443997,0
4,-9,755427.9437875785,782
4,44,366558.9744754987,277
4,23,614344.7241465306,611
4,18,887498.7201247573,1012
4,16,903913.2446008445,1066
4,-15,546268.5996655773,506
4,-30,220967.4020984182,148
4,3,838208.6197508314,951
4,38,307554.3546740628,206
4,20,774208.4668272288,830
4,33,416930.8008562689,344
4,-19,235801.24331292155,146
4,8,840732.4333944145,928
4,-40,119643.92010831807,0
4,14,885460.3961653715,1016
4,35,374120.94111470546,288
4,1,826713.1097575679,920
4,-16,473615.0700320971,429
4,2,833907.2774453462,935
4,-33,116650.62588206852,0
4,-25,114245.97622675938,18
4,28,428183.14239807543,375
4,-38,97768.21002250799,0
4,-22,155755.32530567155,44
4,-35,98084.6221535871,0
4,-36,95166.82146196665,0
4,10,859634.4480032858,958
4,-7,798209.1504247269,839
4,-12,651438.5524709646,641
4,12,868129.9222870637,984
4,-10,723673.0097349541,719
4,-48,160229.14454891178,49
4,-43,116654.93926181583,0
4,6,831778.8763314853,898
4,-32,148786.3191010063,40
4,-44,126333.95292763034,0
4,48,331663.61319228035,213
4,17,911570.8318782097,1067
4,-21,184483.04968977295,74
4,-34,110952.80757666488,0
4,-39,106715.39198056736,0
4,5,816963.4308477867,879
4,-29,229239.79228940117,163
4,-6,818226.070005305,869
4,11,868069.6158207696,972
4,25,491487.2073275208,446
4,-13,618920.9179982878,609
4,-11,678368.6014197272,664
4,37,326119.26865931985,240
4,-45,134964.31622265844,0
4,-28,207809.996421507,134
4,-47,126515.72892847755,0
4,-4,839984.9366036832,903
4,-41,114822.53221137097,0
4,-5,831405.9188295442,890
4,-37,94910.97310706743,0
5,42,348706.4392130606,286
5,43,342959.48870598985,276
5,-44,133349.31021153976,0
5,-13,605674.9812724167,583
5,31,427572.4182693669,400
5,-31,200901.92895284522,120
5,15,892483.8870610781,1038
5,26,463992.8987914659,417
5,33,492205.35843222146,464
5,23,601190.1621330454,582
5,-43,127483.96556943045,0
5,-42,118932.1681770171,0
5,28,435241.1433803998,397
5,7,841579.048208826,913
5,-23,117845.0423758153,0
5,8,848906.4101116294,933
5,29,418632.90094183467,366
5,2,828279.8326911802,933
5,18,902114.717163579,1043
5,-2,825106.4839842198,886
5,35,411102.267486839,348
5,1,824634.8159146464,917
5,-5,838056.3258402031,901
5,22,697272.6366109953,714
5,6,820986.381428349,884
5,-15,518496.4426402458,481
5,-10,691212.7038815732,673
5,-9,735675.6307883683,752
5,-28,153164.50973915576,69
5,-49,138425.5354559808,16
5,40,354971.8911544151,251
5,-30,231082.34195117254,162
5,41,347689.57045079675,259
5,37,387507.09000116214,318
5,32,479303.1456604574,454
5,9,855297.3524432387,948
5,46,383758.6112779559,268
5,39,353618.6280842799,255
5,21,773499.5463431039,845
5,-32,165857.3984101097,61
5,-45,141259.19730718926,0
5,-22,149405.00247445205,37
5,11,869039.5760746133,973
5,36,391152.94986478926,325
5,-7,801584.6028575918,847
5,-26,115875.52624909692,14
5,-11,648439.4875174868,613
5,-20,184863.43146498504,93
5,19,852809.2212410799,964
5,24,539570.3076688156,507
5,-33,136057.887715065,27
5,38,376457.8797830782,293
5,-21,170264.51389123782,68
5,14,881826.8296351954,998
5,13,881249.4816304689,991
5,45,382583.34361545014,297
5,-6,830852.6041355354,887
5,16,902458.6157769454,1063
5,-35,92093.0684117224,0
5,44,356328.3602006557,279
5,-25,117739.6799042544,8
5,25,490062.61452573916,441
5,-8,771176.5588261527,804
5,-4,843000.7615545379,911
5,-46,137260.87786916003,0
5,48,326882.3165341053,211
5,-3,845047.364953553,920
5,5,827484.202399597,919
5,3,834345.3452208352,948
5,-29,202903.24901393088,133
5,-34,107669.07903589473,0
5,-41,120704.16505713627,0
5,0,814228.3572566595,899
5,-40,118969.29808526188,0
5,17,907693.703956878,1055
5,-36,86309.53306345813,0
5,49,355067.03957714874,277
5,-39,105737.25527121064,0
5,10,862773.1931889296,962
5,-18,244142.46220582098,164
5,-17,360224.9673880798,302
5,-24,118707.15567734365,3
5,-27,119768.4666053622,29
5,30,424474.6237427692,390
5,-38,97607.3659090348,0
5,-19,200289.35544292873,116
5,12,876142.4029196,985
5,-37,89994.54682103364,0
5,-14,567508.7020000819,540
5,-47,132696.17264712506,2
5,-12,640333.881702557,622
5,4,835373.2984826906,946
5,34,447566.10986397805,392
5,-1,811187.1730945345,882
5,27,445939.72449674964,410
5,47,334044.3401500396,213
5,-48,137904.13536030764,20
5,-16,443276.4504437182,380
5,20,807214.4403262172,899
6,32,401363.49465911096,355
6,-45,141621.7688189335,0
6,-14,522432.6890047402,459
6,21,767037.2278406004,834
6,30,404611.5853008829,335
6,3,832697.4926113122,949
6,26,492166.59574305575,468
6,39,389153.56926453294,293
6,43,347708.0041207351,289
6,-46,145443.7895572095,1
6,-23,126126.4748013779,9
6,10,874071.1517099146,971
6,18,899229.5570435807,1037
6,44,361417.3472590314,288
6,-40,107513.09221964187,0
6,-7,793598.0384638109,838
6,42,352324.9440267601,288
6,7,837693.5848563573,908
6,35,445217.0852448103,405
6,-38,96392.68236518228,0
6,-28,186438.78609730897,116
6,-31,219265.07479333383,132
6,-9,726344.550862261,729
6,38,405831.8442665999,319
6,-13,547160.1882521255,485
6,20,804594.588222998,889
6,31,419849.6213466362,378
6,49,340828.1814323228,238
6,33,434324.96529878955,381
6,4,837672.9268065379,964
6,2,826166.7915219043,933
6,-37,87409.01611593965,0
6,-2,813215.717128844,866
6,-6,829079.936206191,880
6,29,418941.3988365761,354
6,27,448008.59142180847,407
6,-15,484660.4302530849,427
6,-49,144889.15970879464,25
6,15,892525.4258878379,1033
6,12,881242.445937025,986
6,-29,184136.62583938753,112
6,-25,121926.58494514498,21
6,19,845062.10998683,956
6,40,372938.09158070263,292
6,-11,630761.5332677283,589
6,34,443807.9525053912,392
6,-10,672702.1431958426,645
6,-18,240765.2792105272,150
6,47,373662.73259412794,282
6,-35,91898.3844437388,0
6,-33,123193.8483154501,2
6,41,358142.4712405969,290
6,-12,585193.422408502,535
6,28,430284.2612392573,375
6,-3,819336.1381327382,862
6,-27,152975.7006475,65
6,-26,138787.21927440743,34
6,-16,425073.9096588408,369
6,-20,190909.27156355354,103
6,-34,107222.49944713939,0
6,-22,154884.80467600652,37
6,17,902860.1839326285,1050
6,-17,359062.6661358587,296
6,24,564097.9194288279,529
6,-4,832910.6427401634,891
6,25,507818.791111102,469
6,-48,135549.89167269348,17
6,48,332633.3032146826,226
6,-36,82773.74907852669,0
6,-47,147182.8001748749,10
6,13,887702.4245728231,994
6,5,826351.0541442971,925
6,22,725007.8504589944,767
6,-42,122177.11288701075,0
6,16,902563.6247695489,1060
6,-30,200971.3346932417,122
6,23,632785.8775865091,634
6,45,367303.23287844734,285
6,0,813590.1288807512,896
6,-41,118371.8817354702,0
6,36,405479.3570165431,367
6,11,878191.4446189177,978
6,-43,124820.9899404715,0
6,-8,760819.1737400854,788
6,14,884254.9302138893,1000
6,-24,126359.14115610943,14
6,-21,173364.04723050582,75
6,1,820269.5539518734,915
6,8,855325.1451724762,934
6,6,829207.4085406981,917
6,-5,843573.0260985094,910
6,-44,133214.71665066687,0
6,37,410406.77852672216,337
6,9,871854.6905164014,957
6,-39,107237.75645972759,4
6,46,378396.64328016544,289
6,-19,205696.01980605465,115
6,-1,807781.6735657234,879
6,-32,167506.49059271222,61
7,-48,120365.89438908768,0
7,-16,409108.2505224543,340
7,15,892786.946410846,1025
7,16,901622.9354821137,1053
7,21,765259.854591666,833
7,-26,142981.94221512624,38
7,-9,716846.449756785,714
7,31,347066.9411736504,270
7,-20,205668.6646363018,112
7,34,365091.6395789137,280
7,-36,92179.16918866178,0
7,-5,822326.4851637902,860
7,11,893400.0049008717,1007
7,9,870464.129457412,955
7,46,364604.42546288634,275
7,1,822165.5037740531,923
7,29,333683.1979218077,233
7,37,382575.16489899036,303
7,17,892500.8451975052,1028
7,-27,150973.19462541945,56
7,-24,153127.21571931752,58
7,40,370903.84526512155,309
7,39,372225.5283105549,294
7,7,836394.9413895324,915
7,8,856232.900770453,937
7,-2,813535.170471124,867
7,24,617960.2008346944,639
7,-21,198179.6856209303,102
7,33,363432.303344983,285
7,10,886012.784129322,974
7,-44,134937.5322243611,0
7,-34,120167.11897955522,6
7,19,851985.666810799,973
7,48,375232.344090564,271
7,-41,117893.2692192897,2
7,-8,755033.8970397002,776
7,4,836859.2307273672,970
7,2,825549.3948604827,935
7,-22,169534.7600209594,60
7,-19,209508.6719773595,113
7,-42,127222.19246060222,5
7,-35,95163.36295141774,6
7,-28,173583.29769633553,90
7,-7,780812.5491776866,819
7,28,352059.8920772277,264
7,22,735132.3286075701,785
7,18,886808.8925829845,1017
7,42,350513.14340723975,283
7,-37,95364.01807486478,0
7,36,397848.596031294,327
7,32,353661.5840074107,280
7,-1,814406.3306951412,889
7,20,817095.9251768081,918
7,-46,138480.47981664227,0
7,-32,179986.31470056516,66
7,-13,549732.7225907381,478
7,27,381171.29186865565,315
7,-3,810680.9239273438,838
7,-33,133133.20196450714,5
7,-23,148166.0191954377,41
7,30,352974.39232132677,262
7,-6,813850.0986096095,852
7,35,399772.9903508526,337
7,23,650951.4700689651,662
7,26,436465.4383263811,384
7,45,351980.24280122627,270
7,3,830300.1319065514,952
7,-18,220961.06627214586,116
7,-30,189363.9201304037,98
7,38,376056.4560044279,289
7,25,528196.9224673068,519
7,-15,473015.5762087003,406
7,-4,811623.2935261966,843
7,47,361869.023280727,272
7,-47,125958.52017267454,0
7,0,819852.4792330541,908
7,-49,121931.20976512339,0
7,-25,137868.53973966683,26
7,44,343225.58849710546,269
7,-14,524061.46619307075,451
7,-40,105884.90055851483,3
7,-17,334135.86837458436,254
7,-10,656727.6062401448,620
7,41,362265.0172812635,299
7,14,890922.2723133725,1003
7,-29,182893.90772634,103
7,-11,606739.3302225354,552
7,-39,100331.45240391529,0
7,5,832505.7501904374,944
7,-31,215906.22351057414,125
7,43,338737.97759919,274
7,13,891588.2705095398,997
7,-43,134979.89836208758,12
7,6,832218.8157915284,924
7,49,368177.0799908601,284
7,-12,571740.3033981833,502
7,-45,145148.1955653316,1
7,-38,95503.33607736274,0
7,12,888689.4355102751,997
8,0,815837.9689267868,908
8,-40,107804.94418300317,0
8,-48,107115.87566881684,0
8,45,348580.9917913592,270
8,-22,155132.6820200096,60
8,35,357134.1094352403,266
8,-30,177167.1445554359,82
8,21,778002.9052418738,860
8,-41,119698.93610319769,3
8,7,838432.7656696861,925
8,8,855451.5280012682,943
8,49,348514.75624583144,260
8,22,713203.3873163983,773
8,9,871746.8188815776,961
8,48,392328.96409658476,299
8,37,321144.2651615753,223
8,-38,105638.29765812802,0
8,18,870447.6822588061,992
8,13,897493.0608932114,1011
8,-7,754695.4479101627,765
8,-17,336931.8644931547,230
8,42,343509.40150540514,284
8,-46,120476.6779955607,0
8,6,838124.2833848575,939
8,41,349982.39932697476,298
8,-1,815290.1629155158,889
8,-19,234759.09559823867,122
8,-3,811080.5443991431,836
8,38,319005.3879904474,231
8,44,329497.684591861,267
8,-47,113374.5759070662,0
8,-49,111035.20011210648,0
8,-20,224053.59117234458,124
8,39,322356.98744686943,247
8,-21,196340.478518038,107
8,1,818489.2676952846,926
8,23,668336.5025578302,717
8,-33,128855.70156019944,4
8,-45,133449.11345757818,0
8,-43,153077.99296401368,20
8,40,330226.8335735289,262
8,-9,676407.657941542,649
8,-24,140522.05328979518,38
8,25,469014.76911432494,431
8,-10,636305.0051166747,595
8,-39,109182.24715704856,0
8,27,373033.0507403668,308
8,-5,800470.6951322973,809
8,-26,116143.13761417326,14
8,-34,106777.797406473,0
8,-8,711093.1576249541,697
8,-2,813663.0801768282,867
8,15,870538.0189920682,975
8,2,823200.065769849,944
8,12,896480.90634377,1008
8,-29,157550.98270063123,70
8,-23,148852.94243930493,52
8,-18,241131.6374298056,116
8,-25,126740.25993377315,16
8,-35,90974.96759304692,0
8,19,844866.7917144271,960
8,3,833350.6136093684,962
8,-15,480514.46660371625,395
8,-28,133095.0761268066,40
8,-4,800720.9282486489,814
8,34,364357.2785363879,271
8,5,848983.502245882,985
8,36,359464.89861992927,276
8,47,382306.2883047904,281
8,-37,117826.16972444409,21
8,17,878747.3344953434,1001
8,-16,418269.897507608,327
8,16,883100.8054792886,1018
8,-42,134463.4642921238,6
8,-27,123948.59128268991,23
8,46,379099.51294417714,293
8,-36,100364.89584339982,0
8,33,345828.21073911496,255
8,24,546246.9334863846,538
8,32,325770.97927909676,240
8,26,411497.4637113079,355
8,28,345905.76697769546,250
8,10,887823.7748484872,980
8,-12,576052.918552496,497
8,-44,151249.02778988212,28
8,30,294285.7695116108,192
8,-32,161843.6255818197,58
8,-31,181683.84559361645,89
8,14,891320.581262298,995
8,4,842330.5614856309,976
8,-14,526778.2520048147,445
8,-6,798181.5374088841,817
8,20,823250.2537995577,933
8,43,332861.59979478753,276
8,29,324878.4040846054,214
8,11,904107.8789653921,1025
8,31,310290.37288612576,223
8,-11,601922.8164515441,555
8,-13,551224.799171809,471
9,9,878272.9222150178,984
9,-15,462186.2708761178,371
9,-31,203235.67491538503,121
9,6,856462.0905533097,995
9,31,280414.7404922455,178
9,-32,152611.9422348054,52
9,-42,134671.5204404798,6
9,10,897383.0013046395,1018
9,45,432489.7744068011,375
9,-19,225366.01507965263,96
9,-9,656881.9756630517,617
9,44,400538.2682353552,359
9,8,852199.408411202,937
9,40,314938.53673250804,244
9,-18,251592.67329901355,116
9,-38,107764.39433149464,0
9,22,688996.3457575865,745
9,12,893488.3298553273,996
9,-48,117121.37559201627,12
9,4,844773.1764749727,973
9,-20,194024.7668503435,66
9,-40,115489.40273310963,0
9,15,850608.0152111889,938
9,-21,165513.39412302632,45
9,-25,109554.32543245719,4
9,32,320059.18222049327,226
9,36,356011.25136271404,277
9,46,452735.6927878914,392
9,49,323403.8539969105,233
9,-23,142641.74011096908,51
9,2,821608.5757500774,947
9,28,350314.5342348261,260
9,48,393333.67506920465,300
9,42,352682.81229605764,303
9,-2,812332.8438508983,872
9,-39,113935.44342473136,0
9,-49,122660.36537122635,15
9,-34,104247.26808939484,0
9,-11,601633.1986088814,552
9,41,328789.1558560347,261
9,34,372198.3511504543,290
9,38,302148.8897471694,226
9,-24,111597.51103826215,13
9,-46,108526.13914034274,0
9,43,378495.0444038864,343
9,-45,127377.74697740383,0
9,-26,109129.62799856736,0
9,-27,109677.59122100215,1
9,30,303073.4512554192,195
9,-1,811725.913770647,893
9,26,405150.49730229174,347
9,23,629309.3269398476,645
9,-22,151427.16861108865,48
9,29,329839.81870029616,228
9,27,367006.3589625014,296
9,-16,394307.72385560075,295
9,25,453693.2311118928,410
9,-7,736233.0693163583,722
9,-17,325994.93856175285,213
9,-5,784748.8515942992,780
9,-28,129978.79334767435,29
9,18,861974.7798681839,981
9,14,855383.4987675467,933
9,3,828712.7942774231,962
9,20,814443.3452870839,914
9,35,358610.3787888726,275
9,16,862975.5165183139,976
9,-29,156580.52116529547,68
9,-36,97443.93212844266,0
9,-10,628178.188043659,589
9,13,867534.4656470446,944
9,1,814847.4920085259,929
9,-33,127328.77996718888,12
9,-8,700183.1294592366,678
9,0,810039.0205987614,913
9,11,907295.9589267648,1037
9,-43,149020.8684746218,17
9,-47,119234.1758973954,6
9,21,737899.006065802,802
9,-44,148131.78749685362,26
9,-41,127434.68221163932,0
9,-12,580821.3294673606,507
9,-6,767662.1721991638,755
9,-14,515123.68356932176,424
9,-4,796675.3624247377,801
9,39,304582.8860336345,227
9,33,340809.4382678579,251
9,-13,553723.1649633907,462
9,24,531149.691810806,513
9,37,354025.45224447583,281
9,-30,193441.0096914248,117
9,19,849094.6793873427,965
9,47,437845.49161242595,351
9,-35,91054.40098317222,0
9,-37,105067.51958395695,0
9,7,839149.7231190577,933
9,5,851910.5327729237,984
9,17,864339.221735385,980
9,-3,813902.3090333558,847
10,-24,125239.95957434017,19
10,12,849612.5986226563,926
10,-46,123083.93082653283,7
10,-23,164408.6011402792,72
10,-33,145492.4623688053,35
10,29,349195.9756807587,262
10,25,483219.2749010489,458
10,41,323199.84983176185,261
10,24,531250.1343193414,514
10,-30,179799.07890658124,94
10,14,821884.0639154795,872
10,-27,133954.2220418615,22
10,-31,196829.05559836788,112
10,-6,759813.8846921385,746
10,-35,102849.70387708861,0
10,44,405997.98778687086,356
10,34,367340.5243687996,285
10,10,898445.5183001847,1031
10,-11,601518.97236936,557
10,-1,809527.2120457406,898
10,28,364845.9129332969,285
10,20,784398.8379448989,873
10,-20,167129.40466448347,31
10,1,815283.9313999696,936
10,-45,126101.49091256315,0
10,16,849853.0852110155,954
10,-13,556107.5948839469,481
10,45,440796.34630550793,377
10,9,884597.7164845144,1010
10,6,856205.4819682677,994
10,-16,377148.1266755737,288
10,33,358233.978773143,277
10,40,315546.9782323294,249
10,48,405868.26232194324,334
10,-42,135319.69584144047,0
10,-43,153580.2148243697,25
10,-29,182692.26121851554,103
10,42,336440.8800930393,274
10,-25,128196.42333442393,19
10,-40,113177.35063646351,0
10,30,330479.68087200157,235
10,-8,695370.8783141355,664
10,38,323074.7395075697,266
10,-17,324532.3376799399,232
10,-28,155591.60790801034,47
10,21,722838.8838717012,789
10,26,412816.7016837771,364
10,2,822656.824292359,947
10,-44,148887.3302719988,34
10,-10,628030.1511986443,590
10,7,862646.0931689257,1004
10,-39,109353.78554461898,0
10,15,831064.0949823459,895
10,43,378907.32286641264,330
10,-34,110420.54601445603,0
10,32,368616.09710467217,297
10,37,350807.0081574073,291
10,22,667911.9707972038,705
10,27,397851.3909068565,338
10,31,337624.5936606238,256
10,13,827794.7724244946,883
10,47,422368.91392597277,335
10,35,374784.357783377,294
10,-22,161921.13412807498,50
10,-5,778140.5498675419,773
10,-15,426638.62553228234,336
10,-12,582582.4755232647,518
10,11,871258.6559872517,980
10,46,409943.2576952044,324
10,19,856021.0243536874,980
10,3,831419.2775653601,960
10,4,846560.683731178,974
10,36,361338.5153048381,291
10,17,859234.7222924437,972
10,23,597392.5296780431,597
10,-7,730238.2824186715,712
10,-21,157142.31477339444,40
10,-37,105075.54318034668,0
10,8,862646.1528850158,974
10,39,297736.4547320913,227
10,18,856547.5433560055,974
10,-2,809885.5498166995,879
10,-3,809096.0218634873,856
10,0,808109.5713250868,917
10,-47,121679.227849244,14
10,-26,126069.25451677838,16
10,-48,124593.4099704732,22
10,-14,508174.1597815397,419
10,-18,230027.81220438037,98
10,5,851045.5037578023,983
10,-38,99400.3002871915,0
10,-36,100412.89327928783,0
10,-19,211123.1935295637,70
10,-4,799629.0741093454,814
10,-32,160165.06076654623,60
10,-9,658277.8292698611,619
10,-41,131127.49946362575,3
11,28,430127.5326713326,402
11,-1,809790.8913727571,907
11,-10,626361.0197646256,591
11,21,725261.570992773,796
11,31,396241.2486541855,347
11,-34,115337.52748479546,0
11,26,421656.6079505042,390
11,30,418498.1905692642,358
11,1,817555.3090503088,936
11,-41,124358.25625807761,2
11,13,819570.2189964863,888
11,-15,431620.61725522723,337
11,32,402914.3932444024,338
11,-28,186483.83417986412,68
11,-17,328361.32959785673,237
11,4,844382.864734907,974
11,41,323451.5218968718,255
11,12,833406.0886779926,932
11,44,447015.2794092824,399
11,-11,602431.0784770874,567
11,23,586671.286827853,587
11,-24,137664.0317382359,26
11,-16,377621.16102182755,290
11,38,324367.51176145667,267
11,-31,188178.12822393054,100
11,-2,813044.6947265761,890
11,-47,118805.32571364072,9
11,22,668808.0479436258,698
11,-12,586437.8907319525,541
11,-19,177169.58450723253,35
11,34,353993.3115147571,280
11,-40,108883.65060677392,0
11,-39,105683.14837967455,0
11,14,815550.3234173389,875
11,33,371412.3714328493,304
11,3,834403.3341612398,961
11,-45,119039.10014907675,0
11,-29,194592.31548787307,105
11,15,818177.2183995615,871
11,2,824831.7083943384,947
11,-5,773873.9619960503,779
11,20,795351.5894804468,894
11,-42,132519.9041019546,4
11,45,479478.5364054152,435
11,40,299506.84357513697,235
11,27,427797.2467979842,398
11,-25,137122.48386855386,32
11,47,403130.2378549941,316
11,-8,681903.1507936984,640
11,18,847954.3658090995,961
11,-38,97064.64623794088,0
11,25,461767.3846478037,433
11,5,851354.0942737822,984
11,17,849044.6473856699,965
11,-43,142195.8052197064,0
11,-46,117702.87013699624,3
11,-4,802401.2377846371,834
11,39,287757.3738079403,225
11,-32,173273.52464993115,73
11,0,810465.4344201158,922
11,24,524419.3498408054,510
11,43,381387.5035617561,321
11,48,414964.9713902614,348
11,35,362831.13641690125,290
11,19,848191.8808299884,969
11,-14,509913.76626297995,419
11,11,843005.3048364179,945
11,-30,184782.2934086481,99
11,37,329474.17497170763,262
11,16,837402.1444311597,927
11,-44,138425.7432459054,26
11,-27,168072.63741814205,53
11,6,856314.6637338663,994
11,-18,219547.88762218764,101
11,-3,811671.3381928254,870
11,-7,730343.7794261349,704
11,8,852116.8286107428,977
11,29,403353.03730345936,346
11,-13,562957.017710673,508
11,-37,96839.3893882138,0
11,36,347142.7702951937,272
11,10,847372.7628762808,950
11,-9,653649.650423585,615
11,-26,145793.68614960057,35
11,-22,174237.62401437,83
11,-33,153708.6427838726,42
11,-23,160660.54184055794,59
11,46,430155.4976076569,362
11,-35,109837.24829085683,0
11,-21,167722.84818972182,48
11,42,342829.048023363,269
11,-48,124196.70416835144,16
11,-6,761112.8186457767,744
11,-20,163641.65938884905,36
11,7,844865.7120352681,973
11,-36,97366.09442974773,0
11,9,870117.762517956,1003
12,-36,109563.80286361295,4
12,28,424228.48000994464,382
12,-43,139487.71661221166,5
12,-37,100481.43341500168,0
12,-11,605394.143578641,584
12,-3,815658.0901907205,883
12,30,364497.31523482274,300
12,-22,169719.78406425283,83
12,46,465265.32802867994,413
12,-20,172434.1845432649,49
12,-46,117002.54282243871,0
12,-44,128156.98795207014,14
12,25,485006.6550709045,488
12,-18,224038.62288598195,95
12,-40,114481.96762014226,0
12,41,327036.64973011427,255
12,-48,118233.53136408962,11
12,42,343676.45242810965,266
12,-13,560713.8333770983,520
12,3,821553.291249222,943
12,-33,163641.2461477158,52
12,1,819763.3611763847,938
12,-9,659225.8143144532,626
12,24,497074.6698165076,487
12,39,310687.71732170135,243
12,0,817844.179215198,924
12,-32,197303.4005793628,102
12,-34,126616.90668940688,7
12,-4,805096.2201861596,854
12,8,813693.0520442006,927
12,-45,117044.9452118356,0
12,16,820231.6157797507,896
12,-29,162926.949051458,38
12,-10,629935.3666011826,597
12,17,848110.4122567422,955
12,-26,148663.646112035,36
12,27,433348.8289092251,408
12,36,358367.6919179526,286
12,-6,762720.8796177704,767
12,10,827963.9633306541,937
12,7,795931.899367304,907
12,40,302520.14484961604,233
12,-31,203762.3757024133,113
12,22,667375.3692951638,708
12,23,583480.0207791006,599
12,45,463010.3201217244,410
12,29,409723.84381771827,363
12,-24,144443.67728471552,32
12,-7,736687.9550148866,720
12,-1,814524.6371665087,916
12,47,423828.7783943634,354
12,13,820796.5207949087,910
12,-2,816406.6244045458,908
12,43,374039.41578722204,312
12,-14,499121.56941154646,439
12,-30,170079.8399515729,61
12,26,449178.3101999821,442
12,-15,431449.36299260746,336
12,-47,118908.35254325582,4
12,9,831477.2756863594,955
12,44,452540.1205905408,400
12,-41,117196.79305873407,2
12,-42,129315.94144276595,4
12,-23,158595.98082754726,60
12,-19,175851.6252599388,35
12,-12,589895.6953208704,582
12,-21,187748.82397509244,95
12,33,344785.932831914,282
12,48,397280.27580699086,315
12,37,333220.70432618127,262
12,14,810587.4628593475,884
12,2,824756.4618505281,949
12,-8,680508.2369066179,645
12,-28,157700.81550168915,29
12,35,368394.32084653253,318
12,21,753942.4723976479,844
12,15,807687.788746263,874
12,19,837878.2184597478,957
12,-16,379364.92931156664,271
12,5,788475.6540561402,886
12,-17,309428.7350821227,193
12,-38,98313.59483511164,0
12,34,325601.06454956427,261
12,31,364530.69281450217,306
12,11,826913.497141521,936
12,12,830608.1569192206,948
12,-25,153635.67015559072,36
12,38,328775.3497588842,258
12,4,794985.3012584847,898
12,20,788431.8344101101,891
12,-35,121125.42856960831,11
12,-27,156337.2001693498,27
12,6,779521.9936973803,874
12,-39,104472.15582985971,0
12,32,359744.0340467788,295
12,-5,783550.1945436071,817
12,18,837545.5003737797,940
13,25,464922.33263349294,456
13,12,816349.8973740551,949
13,39,299775.6892434222,220
13,-48,109815.09582551199,0
13,31,302368.32253056974,231
13,42,289136.0157263628,201
13,-2,805953.9948576702,896
13,-17,289253.0871940876,156
13,-43,136643.40015278323,6
13,-34,123557.172287872,0
13,-28,181864.86252436257,64
13,-27,148703.39020269972,26
13,-20,193538.1389540943,111
13,-31,171767.21998141924,55
13,-44,119882.48861609116,7
13,21,721019.8609179609,805
13,-30,150665.88355495915,38
13,16,812699.5526660876,872
13,24,508239.7500322171,507
13,28,415448.53145059804,363
13,-22,164064.43686388023,73
13,-23,150245.62680077564,47
13,13,819409.9990802542,960
13,35,366698.97260576085,319
13,-5,799279.2734126193,849
13,15,807848.0634878826,883
13,38,268692.03287963424,173
13,-8,680841.0492313128,653
13,30,306597.7089777918,226
13,-10,639023.8586715495,627
13,11,819717.6758914796,946
13,-36,125292.46100228277,7
13,-3,811453.8743236028,883
13,41,274760.1717620649,190
13,47,419849.67507603584,351
13,33,328405.21397338004,263
13,-37,148150.80771110437,40
13,26,442534.76839166385,421
13,20,790184.40090986,891
13,18,843688.0425200557,929
13,-26,129554.17187551796,18
13,27,431388.8343862371,391
13,-33,160528.6178371627,33
13,-6,785634.9186031793,847
13,1,807310.3862321929,920
13,10,814513.7695224166,940
13,-38,138372.50304140657,48
13,-25,121649.21156507499,11
13,-11,636195.1870374253,657
13,0,803953.8259396689,906
13,9,803945.1728783973,919
13,37,286518.4361018876,184
13,6,754749.5635291303,858
13,-39,106424.83693549343,0
13,-19,191514.59427739918,84
13,23,569678.8670311685,592
13,2,783222.1218259465,884
13,-15,437037.30575493345,351
13,43,356413.8144383686,266
13,-40,112420.30111101811,0
13,-21,183617.3342713822,102
13,-12,607709.422435649,611
13,-9,654786.1273543165,643
13,4,763412.0708962048,848
13,-29,178323.39016352932,66
13,-24,124167.0811099246,6
13,-47,113675.27149914684,0
13,-7,742797.9762435859,745
13,36,314703.4813301642,221
13,40,293772.38397916127,215
13,44,425526.8777598067,356
13,5,757275.0033535806,851
13,-18,227487.96932998387,99
13,17,829696.9214630363,893
13,-32,181828.51516942584,66
13,7,762145.649597162,864
13,-1,801844.3925614917,896
13,-35,119954.1992884661,0
13,-42,131193.37584897297,3
13,-4,808310.3213876467,869
13,19,836525.3116712733,952
13,48,387652.43048922997,296
13,8,779760.1622257964,885
13,46,431411.513579332,363
13,14,803610.1767738438,904
13,29,354979.8986644602,282
13,-13,571439.8664196206,547
13,45,415509.7876245242,338
13,-46,115413.1989030821,0
13,-41,122359.73089697133,0
13,22,635871.150408106,686
13,32,315507.1562259203,251
13,-14,499866.67600461486,447
13,-16,380528.1365343925,273
13,-45,110907.70826437537,1
13,3,756447.9841130453,844
13,34,324832.1824945787,264
14,-31,160101.258850783,31
14,-33,142903.40859891823,9
14,15,825355.9738758246,933
14,-10,626669.3011319067,654
14,-37,115648.03305971576,0
14,40,295736.9807424358,220
14,44,366525.848372885,270
14,9,780191.6736149619,891
14,19,838245.1731081384,943
14,-44,154897.1018479496,52
14,-4,788382.3066021929,835
14,45,394441.2623257475,319
14,33,310505.13353499636,245
14,-23,127732.42759480924,1
14,3,740589.1681876703,828
14,-18,272803.9842363903,186
14,-5,782367.1076245375,833
14,-8,663316.662986069,659
14,-45,163995.66475443554,72
14,29,312159.54114680446,216
14,-6,760908.4132868594,826
14,35,334924.96886457066,266
14,17,816492.4391517318,874
14,-47,114247.18518782138,1
14,28,338190.1923032277,246
14,-43,150690.60838141,30
14,-29,151469.38770910332,12
14,-1,772385.2616888025,844
14,-42,161717.2249222834,55
14,-16,363604.8736929806,250
14,22,624034.9748890552,662
14,47,431410.3859553376,374
14,13,817227.6630435737,966
14,36,345212.4614109698,276
14,39,258082.19167102888,174
14,4,745343.8088262053,834
14,23,550627.3848180976,560
14,-28,142617.97407356,20
14,30,286319.66532895487,198
14,-25,113542.25120788053,7
14,32,296993.4236102913,229
14,-35,115969.767162039,0
14,7,751402.0114557417,857
14,-21,178880.88900032884,93
14,14,830657.452276123,975
14,31,267867.40500544827,181
14,-32,179788.40235861216,55
14,-9,642206.8623281935,654
14,-40,128996.47849982973,18
14,-12,624370.3501027086,620
14,-39,118425.27449233331,5
14,34,314486.017633251,256
14,5,745351.3817762581,842
14,-36,119327.9895436287,0
14,-19,210259.5707237325,111
14,37,304152.42486656044,221
14,-34,127650.51752066257,5
14,-26,111225.89162020852,11
14,-3,799057.1267431643,856
14,16,814527.3805977815,882
14,8,757391.3026497107,862
14,-24,118927.64220796991,4
14,27,371318.1908276473,294
14,-38,113033.68574889076,0
14,10,801926.2525019504,928
14,-17,332540.98755284504,229
14,-7,730792.0561455733,774
14,-22,155682.71716573098,58
14,21,689229.180201026,751
14,46,422623.32604136365,375
14,11,804932.9129277531,948
14,20,788031.4395326389,896
14,-20,189960.59476388682,105
14,43,329704.139066196,211
14,26,433410.39459724724,401
14,-41,138789.5842948898,32
14,2,735967.584444142,819
14,-46,135603.8844471045,29
14,-48,106679.24868797253,3
14,48,420151.2033644062,343
14,18,842671.1559335828,923
14,6,745071.4667081952,849
14,42,295764.6204567679,209
14,-2,795086.561563914,874
14,25,464236.96000627906,435
14,1,734868.4526469181,811
14,-14,498362.78812573495,448
14,-27,127239.02154057704,18
14,0,748305.2783494836,817
14,41,319029.68342008203,243
14,-30,152156.53587516397,17
14,24,497984.9931799391,490
14,-13,577624.7852030507,549
14,-11,616743.253496432,627
14,38,276489.81792749383,196
14,12,811534.2147696522,963
14,-15,411068.152542796,324
15,2,731638.9795162715,811
15,-14,480847.79555306,418
15,-11,567392.184154946,565
15,-43,164188.07872459976,61
15,20,800384.2037772471,913
15,3,728795.9876856552,819
15,1,728772.154765684,798
15,-10,571152.9781168287,586
15,-36,119120.10360290403,0
15,13,822850.0093351281,979
15,-32,174494.78075347043,50
15,36,363597.1014928276,305
15,-27,123444.10433289537,11
15,46,478055.4511452322,450
15,-26,109666.61668316952,7
15,11,796703.860738408,940
15,22,618598.7804727211,648
15,-40,120985.91926476125,15
15,21,691744.3925807106,747
15,-37,116091.50560776773,0
15,-25,109756.68517544243,4
15,-3,784169.8150626358,834
15,-21,160750.79798151768,57
15,23,537974.6242953645,535
15,33,306399.551604051,237
15,-35,123179.4552236153,0
15,9,756485.037270658,867
15,37,334240.2362214167,267
15,44,423401.10656777705,347
15,-29,155967.83805583866,20
15,15,840162.6779577102,982
15,17,823030.7955926013,905
15,-4,773244.168101099,804
15,14,836510.0082998893,978
15,4,733282.5145061257,827
15,-17,362436.2037447155,269
15,-45,116055.98070387958,8
15,-9,614799.9992403735,656
15,27,310273.3948275728,206
15,41,315734.8820183792,247
15,47,456189.2334464684,436
15,-6,719365.0380267948,775
15,38,297897.304183959,235
15,-46,122024.38175337962,17
15,-24,117783.10292857456,2
15,-12,554980.550792949,533
15,34,343689.75662578386,291
15,-7,684293.7534082041,735
15,25,405134.6276938697,337
15,-19,225775.8702123383,118
15,8,752321.7372098237,859
15,-16,396710.6021285091,315
15,45,474652.6128044772,419
15,-8,646110.0802535828,701
15,43,359255.86162131676,265
15,-23,125494.04338060232,0
15,-5,741198.9083796368,771
15,42,346888.81946683576,258
15,24,488909.9433974563,468
15,-13,533302.5413431842,482
15,-38,111360.98353896815,0
15,-33,172163.25340544246,63
15,12,810490.9798496588,960
15,-20,191000.78470027164,101
15,-22,125868.3495459395,0
15,-18,306513.8195072267,209
15,31,287173.55246416957,210
15,0,731505.8955154364,791
15,-41,136692.09680672485,35
15,5,736191.1871731473,835
15,26,350310.00922518165,256
15,32,271857.9750918597,196
15,-47,120839.65118751128,21
15,39,268787.4925334108,204
15,40,289063.7701020104,221
15,28,378827.08256756305,304
15,6,739930.7635642004,841
15,16,835946.1419819104,956
15,-39,111641.07271652049,1
15,-2,754464.6741396695,802
15,-31,155920.1283546634,16
15,-44,121634.02594203062,3
15,-30,154745.33863048113,9
15,-42,168864.283001783,76
15,-28,145701.94278890823,19
15,30,313250.96099069656,240
15,-34,146315.69816315913,37
15,-15,424796.1564055425,353
15,10,780280.8291828443,913
15,18,837624.5022942089,913
15,35,351304.2498378381,296
15,29,359794.23122559034,284
15,19,835433.8755992143,934
15,-1,743976.8073153317,797
15,7,748927.9731788421,850
16,0,733895.371504294,786
16,-28,128729.24392966999,12
16,27,368870.9988429653,275
16,20,780775.1163692339,866
16,46,485968.958160924,471
16,-24,121594.87299624317,0
16,-23,126264.90224256944,0
16,-6,705081.6534683888,770
16,-17,363140.6641039976,268
16,-40,115407.06015509968,8
16,-25,118185.77029251777,2
16,17,840972.112906982,974
16,42,355752.7387782546,264
16,-1,734980.1604074615,777
16,6,737213.5900551872,841
16,-22,131874.3947780265,0
16,30,354788.86544959404,293
16,-42,161288.1898125273,65
16,-16,397142.46341164585,319
16,-10,585144.4923978439,610
16,32,327649.20657826867,267
16,2,727930.4025032718,806
16,-30,154408.03123563496,24
16,-11,585524.1943600331,591
16,-12,553099.4674139343,532
16,5,734194.6602772948,832
16,12,810485.9646574662,958
16,8,748604.2741597224,857
16,-47,108916.56802769986,19
16,13,827887.8374984015,976
16,-41,133778.39626340254,41
16,-19,243612.26116397837,137
16,1,730050.077505752,795
16,29,340111.29279979866,254
16,-18,285100.65290663467,188
16,-39,104639.08833035982,0
16,-20,210164.42612770366,101
16,19,826733.4391419048,904
16,-14,467668.6521124616,408
16,3,726013.786878748,816
16,33,304967.94357471896,234
16,47,446832.5514300222,412
16,23,550283.962373108,544
16,35,315612.72720178805,261
16,-45,124411.16537026453,2
16,31,362283.2635403838,313
16,45,467286.69760311424,401
16,-31,198341.11330184524,79
16,38,303356.55692716327,240
16,43,376087.29186511383,285
16,25,370355.9198570505,285
16,-36,120340.9127457882,2
16,-46,111753.91112213791,10
16,-35,128815.05283168315,4
16,36,352510.34111363866,319
16,34,288545.58840586967,209
16,-27,115798.99746992729,7
16,-38,106887.78994248889,0
16,21,713905.0428231682,767
16,-32,221690.47142823497,128
16,-29,139382.25847934172,18
16,39,289747.57614643103,215
16,22,634486.2082640647,660
16,10,773429.212919252,904
16,-21,155880.58775034224,28
16,-44,123407.30739562563,0
16,-26,110055.40028043033,4
16,44,420194.2863689863,333
16,16,845532.8730089234,990
16,26,371091.22925456485,276
16,40,281103.6863568367,196
16,14,837904.3721387931,990
16,11,795871.896451797,934
16,4,726203.050514174,824
16,-33,174618.16917976853,67
16,18,830419.142125058,920
16,15,838359.7501671027,987
16,-4,743793.4313950788,758
16,-7,675115.5438180108,742
16,24,446265.38845072285,394
16,-8,631204.6842897343,707
16,-37,113891.5108772983,0
16,-43,152341.98321752882,45
16,-13,524171.28086207405,490
16,-5,730987.4330490753,767
16,-2,738768.6753882626,771
16,-15,437795.1644058307,373
16,41,322780.5820069937,245
16,-3,743662.5929997548,767
16,7,745660.5378938445,850
16,37,335651.0448701948,288
16,9,751557.8526147327,866
16,28,343866.6027978547,253
16,-34,158813.78151331402,48
16,-9,592523.3245055501,635
17,13,827079.925885265,974
17,-12,576272.2814047526,567
17,37,305504.43884635303,251
17,43,339413.3758499518,241
17,-29,145606.16024663055,21
17,8,752313.066055601,864
17,3,727185.2395757106,815
17,-40,118526.19658584708,12
17,2,728447.521066967,807
17,30,320323.1974596897,234
17,22,627682.4319595725,638
17,6,736054.3273271292,840
17,-36,141299.1847255106,26
17,35,248682.3080757673,179
17,-3,740520.1334427254,765
17,28,326205.92489481095,234
17,-15,437282.83906276297,373
17,26,396212.36418551015,297
17,25,420145.69841422426,341
17,18,795486.5586814897,887
17,47,415505.57579081773,364
17,34,259590.8968807318,176
17,-6,702319.4780047442,778
17,-47,106322.86851465766,15
17,-7,665461.0753022322,742
17,5,729904.7777508618,832
17,-20,229170.31171538035,108
17,-14,470553.743354609,423
17,-37,154832.04966428914,46
17,-13,541950.0466281433,521
17,41,301605.26428727916,199
17,36,259886.7128048302,196
17,-33,189185.0563925853,77
17,-9,594999.9349358362,651
17,38,322713.58842426783,264
17,-1,741041.7527778299,780
17,45,444263.2806434095,384
17,-4,734315.8800518445,763
17,-23,124995.74694340826,0
17,-24,122098.15403397057,0
17,-32,226645.7862114696,130
17,27,352982.99423141114,263
17,9,755216.6440580668,868
17,-17,309112.68005478027,207
17,-25,123710.27904635732,0
17,-28,127779.36020941031,9
17,-38,108199.26297491384,0
17,16,799032.248131811,929
17,-43,116430.04310754553,0
17,-35,149618.99847684035,21
17,40,302303.343820376,220
17,23,552750.7365644041,531
17,31,326871.6181056181,258
17,-11,581909.0937701165,596
17,-19,241232.02373511426,122
17,-46,111966.25368588381,1
17,10,762474.459226352,882
17,-5,724353.8925923941,765
17,15,792994.2344610043,925
17,-45,117085.85645176162,0
17,-34,169279.5982843122,61
17,44,406818.33483217505,321
17,-22,183708.49161642618,65
17,39,322497.22922981397,249
17,21,694658.439644874,741
17,14,829282.2574299652,979
17,-10,583032.2606726808,615
17,-18,269585.1820343034,172
17,-8,610117.615201997,689
17,0,734466.8111284274,787
17,24,472025.61857180356,414
17,-39,106480.60889302942,0
17,29,311079.45035169116,214
17,-26,113035.17976392606,2
17,-30,167003.2111662648,42
17,20,770371.0339192231,836
17,-21,208928.53851403575,85
17,4,727199.8299440338,825
17,33,273419.85141217,178
17,17,800189.9902380068,931
17,-44,115926.86319031182,0
17,19,819198.2285042272,906
17,32,292820.0394228963,204
17,42,297700.9960743012,188
17,11,795818.3371343686,931
17,-27,117695.57184690837,4
17,-2,747308.9277100095,772
17,7,742205.4595677289,850
17,12,816242.2093283294,955
17,-42,119478.15970078416,0
17,46,490901.34105692396,486
17,-16,378926.7859841833,293
17,1,731357.9745568315,798
17,-41,132387.93950698795,33
17,-31,196522.90951633026,72
18,8,751695.6516959893,861
18,6,739637.5988927566,850
18,-42,116410.06254610833,0
18,31,258072.21926581435,156
18,2,729706.9791848917,808
18,36,277655.67490581947,203
18,42,268351.3471841525,158
18,-5,730124.3332569083,775
18,12,775605.2331658092,896
18,25,421581.21328161616,327
18,-24,134313.688948535,2
18,4,727353.213096753,825
18,38,267551.4179297754,190
18,-23,158477.33319386953,30
18,-31,185208.30034437732,67
18,5,729930.888350125,836
18,-32,183214.0255248359,61
18,46,457383.1779644048,413
18,13,764147.9536789876,875
18,14,755693.3413831438,865
18,40,258314.28301783616,167
18,34,242372.3196061158,147
18,41,261405.03863138295,155
18,11,784237.9058242287,913
18,-12,563138.1280494559,554
18,-10,586868.0007598011,622
18,-19,220123.64696759058,101
18,-1,748568.1599867911,787
18,-35,145919.04913259565,25
18,18,768663.7775645904,858
18,-7,644004.7393800373,715
18,-17,292261.8933587254,190
18,-36,131843.51799950498,0
18,21,690758.3392243199,715
18,0,741994.1339558421,793
18,10,753041.6250051238,863
18,-11,582276.2168908556,592
18,-2,749435.3761625066,781
18,15,750230.6062017779,862
18,-22,183370.1219723242,65
18,29,301936.64364042215,200
18,44,388266.1852077337,295
18,-3,743918.3791032525,771
18,-39,122905.9891461162,5
18,28,325445.53917985805,223
18,32,251563.40609141067,144
18,43,286675.0197170412,168
18,-25,136021.44834132784,2
18,45,445108.19372244825,391
18,39,264903.2099139539,184
18,-9,602268.5907643705,665
18,-20,205942.69500036968,72
18,24,468298.8007235388,396
18,17,746673.6879363039,841
18,-46,110297.90620494698,0
18,-45,143588.93724054628,36
18,-34,173636.42103303818,60
18,-13,529453.4827163639,508
18,3,726288.0539865952,816
18,30,264215.80765711376,162
18,-16,324110.65981839807,216
18,23,537766.5764838053,490
18,-43,117315.64256353563,0
18,26,383321.80212329194,285
18,1,736411.6324403407,801
18,-27,129496.15367801972,16
18,-33,200061.7817116529,107
18,27,352805.89037389884,252
18,-37,129690.95359899956,1
18,-18,252567.2551864291,153
18,-40,131735.08221537797,20
18,-28,140613.6407424935,16
18,-38,132838.94789294247,5
18,-15,413269.3805379588,356
18,19,795277.7494428122,891
18,-30,152716.52833159556,26
18,-8,621906.6665768749,697
18,33,252428.82528958409,150
18,37,280302.85002741124,208
18,-26,120876.58955894147,9
18,20,765960.1446030721,837
18,-14,457436.0884579028,414
18,-44,132434.18618766917,9
18,-41,118223.312388129,0
18,16,752564.8413214957,867
18,35,250366.08064149096,166
18,-6,701709.2740202777,777
18,-4,752887.467332936,789
18,-29,141879.04477557118,10
18,-21,203535.00265697038,75
18,9,755128.1317673038,865
18,22,624628.8958386192,613
18,7,747857.9457254626,856
19,41,249397.50280597934,145
19,36,249077.61069697211,159
19,2,725372.8758970958,815
19,-1,754825.3565365326,796
19,-30,140912.13579405978,12
19,34,233435.29173142405,124
19,6,665927.8414494589,750
19,-16,336462.1843751052,227
19,32,258963.8132391163,166
19,-28,151838.273412365,22
19,-6,708152.8676212558,769
19,-39,140123.68204169057,15
19,20,758031.2885164511,834
19,-27,140462.7518943401,9
19,44,361696.9365421508,273
19,-10,599793.7069954377,623
19,40,229975.09658280518,137
19,43,318804.1980629351,210
19,0,742420.3130556718,799
19,-20,194986.78589539323,60
19,1,733455.9208218934,805
19,10,713225.0904543031,806
19,9,706991.1704867921,794
19,-38,135802.62058169267,9
19,-36,142347.84286340166,8
19,33,248840.9832077039,132
19,-43,143300.2085623088,29
19,46,375430.5266930417,287
19,-5,735532.1291144955,802
19,35,224520.71522744105,122
19,-41,129426.60571255106,6
19,-35,158263.89453359542,50
19,45,380093.7897984422,306
19,-22,181897.2870071255,49
19,37,282878.94302131725,207
19,29,317262.57500656525,222
19,15,742448.8226795843,853
19,-19,210670.30212154952,85
19,-26,121528.04815296702,0
19,-23,160028.18638805964,30
19,-7,658147.7759364517,731
19,14,737956.6741771136,847
19,42,259346.10490450836,150
19,38,251974.75939832316,167
19,18,733819.3440293755,814
19,31,232851.8949434354,128
19,5,675612.2775708248,766
19,-46,132999.27636605335,41
19,-2,757546.8776631857,791
19,30,254376.17771237955,151
19,23,558653.5330641178,500
19,-42,126449.46535441624,11
19,13,737647.0781704528,839
19,-45,162793.36746663926,70
19,25,425281.6223690078,331
19,4,695510.7398985837,793
19,-21,175245.4909993803,41
19,39,201854.1221005208,104
19,-33,209355.78627423133,108
19,-32,182967.49704124837,52
19,-18,253556.8963904777,149
19,-15,396287.56673423265,337
19,-3,745349.6703038077,784
19,-44,160659.0932549368,49
19,3,723012.9402465605,827
19,21,703920.9448881551,742
19,24,485912.3665145344,398
19,-8,634064.8524186674,702
19,-29,167231.49660878346,45
19,27,346636.0962713013,253
19,-12,562476.3013319116,553
19,-4,756465.9827893896,806
19,12,732883.3003449326,833
19,-11,585679.3639675466,591
19,19,772770.1828522553,859
19,26,380322.9898585419,286
19,-40,136585.59377470773,24
19,-13,517716.7022753394,495
19,-25,137534.993092712,0
19,17,734247.9824013059,833
19,-37,139866.01734669082,7
19,-14,439369.44149872975,389
19,7,668418.2884787071,743
19,-34,195028.59485040142,107
19,28,362367.46621289407,266
19,16,748398.3539162469,861
19,11,731516.1553459251,836
19,-24,132391.90588409035,0
19,-17,290991.2901229787,188
19,8,687626.8645027226,769
19,-31,160261.0184938975,27
19,22,641406.7744558626,636
19,-9,608411.5984686268,668
20,-37,140911.92564768533,34
20,15,736821.0882331505,849
20,-20,183307.42535693114,52
20,45,368880.1721153399,299
20,-1,752189.0921542878,812
20,4,648456.4405762537,729
20,-22,168746.99349975894,38
20,-30,145163.7134834638,9
20,40,215030.57088682184,123
20,-26,131965.32945066117,0
20,-11,582462.7527323184,586
20,32,274996.313587592,184
20,28,333172.306491956,245
20,-29,143433.99320852073,4
20,7,652950.5247578814,717
20,22,677187.8345569349,696
20,11,700186.2114923781,794
20,-21,165074.7926540622,31
20,-2,754767.2486803717,796
20,10,695971.0164135305,788
20,-31,156088.65832214183,23
20,-28,136730.4128504712,1
20,42,335396.5851153558,240
20,13,721329.4694167733,829
20,33,265085.77303358336,182
20,41,215633.60518982998,107
20,-39,174892.32678262005,70
20,-33,194266.03167352293,88
20,43,339453.21951386414,252
20,-9,624441.3536414974,661
20,3,657842.4363056589,739
20,37,289462.51722789416,214
20,-5,709869.5568280859,774
20,8,656946.30657038,718
20,-34,199910.65549648233,100
20,-6,694551.7223387238,759
20,44,356417.73401785595,277
20,5,642706.5218280639,724
20,-25,141285.18768181305,0
20,21,729026.465717677,787
20,-36,156114.26788140787,34
20,-32,172520.41300652665,46
20,20,747729.6792376016,829
20,-35,181581.6226564095,77
20,18,730608.5821414269,812
20,6,644704.7314967315,719
20,-15,403519.4748215647,348
20,24,497729.3088530311,427
20,31,316825.8833987151,229
20,-14,424744.5056610538,371
20,-41,206550.33695195772,138
20,0,743624.3352013875,821
20,-23,184725.86566416227,62
20,-19,222376.01254223398,116
20,23,582765.8766716948,540
20,-17,302541.3388261143,209
20,-38,145307.02114038815,41
20,39,257366.09814334085,186
20,-27,131314.09603117316,0
20,-8,653218.2565191236,698
20,29,331320.597454401,245
20,12,712396.2263248744,813
20,2,712116.9135491522,807
20,-13,511050.35907547205,479
20,-16,358317.6223011263,270
20,-40,210434.66955976293,127
20,-45,111496.33044708474,0
20,34,271827.75679044105,194
20,9,653928.966103099,720
20,35,255118.78898146123,153
20,19,753039.2609958978,832
20,-4,717235.7378482736,778
20,-18,269340.07861491607,176
20,14,731853.3391290492,841
20,25,426675.8714843655,358
20,-44,117680.15965291412,2
20,16,735078.5373399658,856
20,38,284623.12436298025,211
20,-12,557127.3933829535,543
20,27,353190.3593530067,258
20,-24,146486.44311228,3
20,-7,674213.418086951,730
20,-10,599578.4881699965,612
20,1,734488.9426696645,826
20,30,318969.20823510614,237
20,36,243927.79106001102,155
20,-43,116014.0609472627,4
20,26,349179.3614175051,251
20,17,725926.8566537503,824
20,-42,155724.20436352942,56
20,-3,742568.721211196,779
21,-43,140541.84679532377,60
21,5,637246.3892443905,711
21,20,741636.9867151674,836
21,-34,205761.4032988224,101
21,-8,655540.1973341546,694
21,-12,497536.1062959926,460
21,-38,178352.5665914097,103
21,44,336219.8468327605,258
21,0,703631.3109280596,787
21,-5,693415.0806094212,770
21,17,717602.4086013414,816
21,-13,479908.6938045502,434
21,-39,214676.29132986782,135
21,-4,715719.0862268285,818
21,8,657375.0054007638,718
21,22,654497.9077014917,666
21,18,719472.2275910417,807
21,35,270861.51626423403,207
21,-16,365974.69902492425,292
21,-26,143084.31172823455,6
21,11,678410.6513593488,778
21,-15,398908.1545938269,344
21,-25,166808.10382520346,36
21,-36,180093.0742931984,91
21,26,405299.1478179317,320
21,-3,738127.3123272874,808
21,43,284102.97694679664,187
21,34,270124.1173415937,201
21,-21,196348.83808986875,80
21,10,645073.9727200083,726
21,9,653807.2788541019,722
21,-2,769658.793849628,847
21,-24,168338.77709912613,31
21,-42,164358.9122489248,77
21,-35,181227.67093413853,68
21,12,694536.1678351677,801
21,4,636414.356446432,714
21,-40,229609.01990392996,138
21,3,641415.4591436202,718
21,-44,121107.42974574605,36
21,33,296326.1291375904,222
21,28,362996.54112292355,293
21,19,730237.4298003966,812
21,-30,143286.40204761623,7
21,-23,170702.21719978415,38
21,38,300196.18793029996,240
21,32,335123.94348538364,264
21,-37,171651.0819437009,90
21,-45,98156.35950939353,0
21,13,708508.408102002,819
21,-11,511008.4567658474,480
21,29,367856.2614336298,296
21,-1,743109.7373645679,826
21,-14,434548.8846314188,375
21,-41,196419.0070943424,91
21,-6,686305.9131525831,750
21,-10,573977.543692244,556
21,-29,140387.39933609933,3
21,6,644696.8919868066,710
21,-22,165005.01771142325,37
21,42,263253.1428639162,164
21,31,346133.0176250298,269
21,30,360544.2728490173,281
21,25,453225.6864813669,379
21,-19,231910.05020797727,134
21,-28,134294.22728352537,0
21,1,667126.8690875745,742
21,41,319854.7452115999,265
21,23,584512.161364377,552
21,37,284023.4064128472,205
21,-20,227721.7929058514,127
21,15,727081.4735399778,845
21,-32,171671.21390141468,46
21,27,363999.3207760146,275
21,-18,244713.76845327875,136
21,36,264568.8445510947,182
21,7,654499.4523033528,714
21,2,648122.9575133992,722
21,-33,194011.39643032968,82
21,24,528050.6885634456,473
21,21,690089.9261313116,739
21,39,311161.20970537444,260
21,-7,670116.5835301324,723
21,45,372510.13893410726,309
21,-31,154547.5243104566,23
21,16,722525.558653422,846
21,-27,131903.0236042921,0
21,40,321813.9385832318,266
21,14,731246.3298729102,836
21,-17,283351.1171466235,179
21,-9,628362.6697420157,651
22,-15,369724.05805484747,301
22,18,708380.8923048144,802
22,-24,177585.12908987518,44
22,-44,95100.41765173293,0
22,38,287946.81674034026,208
22,-36,183045.4055288637,79
22,7,647801.028343099,716
22,1,647317.4657599059,708
22,-5,665634.7198810739,755
22,37,270021.07242949615,181
22,23,556985.9451611551,513
22,21,683301.5385653462,735
22,44,401106.2112963605,362
22,-13,467732.89615460695,405
22,42,310129.5942911939,241
22,-43,113669.84015633535,20
22,-20,216318.33553539065,102
22,-2,730466.4494730062,813
22,-27,162321.50004920128,62
22,35,261530.97200362055,188
22,-1,704461.3189790352,785
22,4,636003.0765778509,699
22,13,706303.6178356576,814
22,-32,166232.79825654172,34
22,40,302190.00960230135,229
22,-26,162873.61409448963,51
22,-12,550984.956671007,525
22,-22,201697.96410375184,84
22,43,308143.79286029324,235
22,-6,644823.3173854933,727
22,36,259012.9343713654,169
22,-28,138633.4388396782,15
22,39,294179.65217633615,224
22,-7,628377.485833778,692
22,30,351664.2048723559,276
22,3,631952.1697600594,698
22,-21,214932.66251096805,106
22,-14,409596.7098215916,340
22,-29,131812.32852650026,1
22,15,708336.3155725183,843
22,9,643010.2747170739,722
22,22,620502.9302330667,609
22,-10,569905.9656188333,573
22,0,673094.7187862063,738
22,-18,240931.22264302082,134
22,-3,725879.3216352297,825
22,34,233213.6915743496,167
22,-33,190335.5872886661,69
22,-16,292181.4445593923,178
22,29,349326.95814678515,266
22,31,308765.38419706875,230
22,-23,177951.2615306275,44
22,5,638845.0632273334,704
22,-25,159904.59394962311,45
22,41,307154.2085044367,232
22,28,333462.9201474046,219
22,33,245450.68193756414,176
22,19,711457.4335993631,796
22,-17,253617.37337296817,136
22,-40,211489.91146340396,95
22,-37,189425.76193039276,105
22,11,662848.0563499591,763
22,10,638875.1914494738,726
22,32,274090.85188514,191
22,26,376447.6603661566,270
22,16,703267.9450841262,834
22,27,347306.9113112392,240
22,6,648287.546787114,711
22,-38,201629.875961121,114
22,12,685523.0995657886,792
22,24,483244.3083280845,406
22,-34,202295.9245626203,86
22,17,702702.2838734001,812
22,25,418339.69878386345,317
22,20,713075.7711584714,796
22,8,643551.9046269092,720
22,14,717717.1735572137,831
22,-8,609868.3662946314,658
22,-30,131747.27850713188,8
22,-35,182410.97201123586,59
22,-31,142382.83559220054,18
22,-9,578611.4027736797,606
22,-4,685531.5725641999,776
22,-11,573383.316576179,568
22,-39,227808.9395052024,144
22,-42,150925.3099889197,54
22,-19,231756.22298584064,132
22,-41,179621.89377887698,74
22,2,635655.7992452865,699
23,9,642460.372361279,724
23,-34,206178.2330617016,71
23,33,242568.0835401741,181
23,-3,723094.8241794347,846
23,34,228703.12419612738,165
23,43,351707.3311508464,293
23,13,694549.4125135816,810
23,-35,185905.58302158216,41
23,-10,553670.0022823951,557
23,-26,161352.31240722744,67
23,-4,682306.9960030052,771
23,20,694658.5046603881,760
23,-23,193269.15756400448,46
23,-13,483379.7602455379,439
23,-18,235044.08108979874,123
23,40,256158.35450903772,151
23,18,667593.8341426186,752
23,14,699767.5153258097,828
23,-33,210141.92676351755,84
23,44,354264.4397856002,295
23,4,646161.2948095972,697
23,-37,188751.28778994628,89
23,-24,177777.49755786033,53
23,37,262404.9372288607,152
23,-14,407252.7614982962,336
23,5,652809.7596955117,702
23,-27,169530.6202588879,86
23,-31,144232.17713524128,16
23,-32,167683.69829390454,32
23,-30,152587.2678108935,42
23,8,645744.2429128009,721
23,-29,172913.93818080923,93
23,-19,232873.85668545635,131
23,10,637729.6884567161,728
23,36,222707.47599276248,117
23,3,632912.4426804831,696
23,-39,210526.19529599432,109
23,-44,110538.53945874335,0
23,6,650856.6204804316,708
23,25,409287.48697170644,301
23,-8,568247.4389634541,606
23,-42,151024.85464055242,33
23,0,672166.3492405378,733
23,39,277236.7614496947,190
23,-17,245281.57754172542,122
23,24,461535.779977776,369
23,16,669583.3795566054,778
23,11,649154.8397050402,748
23,-9,552609.1352480783,578
23,-16,267841.6861826834,149
23,38,262505.66993413476,164
23,-21,218736.76141767247,105
23,2,634752.6927540597,695
23,-5,645884.5431136589,738
23,21,656109.4927009584,686
23,32,255061.94927280437,181
23,-2,720801.5984604651,798
23,29,328479.1963369379,224
23,-28,177645.7021563525,108
23,-15,331490.78845304705,238
23,26,369115.0977891948,251
23,-12,534610.7587166261,508
23,-25,162392.64157194298,63
23,23,531211.9133700469,470
23,-41,175025.19032678887,61
23,-22,207716.28744383238,79
23,42,294726.3324108575,206
23,-11,565096.7153506012,559
23,-43,114751.63962872181,2
23,-7,592666.0631992765,665
23,17,665595.5170359166,756
23,28,337886.14145371324,213
23,22,586714.4937288656,560
23,35,211622.23518078073,123
23,31,282361.5182478718,201
23,41,271019.43831164733,153
23,15,703616.2011177223,842
23,12,675855.3591808208,787
23,30,316197.38213895896,211
23,-38,192246.77842602986,90
23,-36,184431.02707019032,61
23,1,648584.5919446119,714
23,27,341958.48303732136,223
23,7,647102.3270429346,714
23,-6,619281.2420594818,706
23,-1,694228.3966983511,755
23,-40,192820.87029638424,71
23,19,659319.7609343807,726
23,-20,226874.67445783995,112
24,-18,238054.9973747842,124
24,-36,194071.98567665817,55
24,2,647133.5041670805,713
24,37,231285.6518983652,122
24,34,206045.98977848262,124
24,19,626678.7074117069,678
24,-21,210590.6285235604,92
24,-1,679562.2217237842,722
24,-33,180778.25311505783,37
24,25,418762.8510704605,301
24,14,637751.2903581014,746
24,-7,557280.8650460789,611
24,-32,164532.1573490123,41
24,6,655028.7317076348,708
24,4,662711.759295581,716
24,-14,405383.7918589361,339
24,8,643881.3939384655,719
24,42,356799.4485954987,265
24,-20,194661.43625361336,64
24,-23,170519.74055474243,49
24,-31,162045.48609745182,59
24,16,623578.8973153614,717
24,-11,534121.708859023,508
24,-2,682627.2257096703,744
24,-10,532943.3194688738,533
24,-5,561434.2990928784,647
24,-42,138447.93366876838,3
24,-27,171992.10722321822,105
24,-4,587756.1023751292,670
24,38,251850.14598329252,140
24,-25,163808.1917219844,68
24,-16,286423.6852399311,168
24,39,253386.91114679942,124
24,-15,313162.7429027947,200
24,40,268419.01391057397,127
24,28,317107.78431049956,178
24,-24,161001.29653040672,57
24,20,646139.4947287405,679
24,7,650439.2206560299,714
24,22,584268.973371408,538
24,23,534669.4943768346,460
24,18,613954.3070666617,679
24,30,310743.84675515484,179
24,12,674690.9813840988,785
24,-26,170623.23977852805,84
24,0,666022.6738479922,715
24,-17,265061.73660644086,148
24,-39,183393.4885211935,46
24,1,654947.6995708602,713
24,26,378316.0538208051,257
24,-37,173670.72292065134,67
24,36,186349.82019606457,73
24,-35,188266.47986297245,34
24,32,251100.08615745537,180
24,-22,199927.53768004748,84
24,10,638634.7031238463,730
24,35,202079.37598959828,115
24,-6,556164.6973501691,631
24,-13,485623.4426787392,446
24,-30,172185.13055318702,84
24,17,620182.4045314097,693
24,-34,184622.37695748892,23
24,-28,183829.23438720548,122
24,-40,172845.46922055312,29
24,-38,177784.54969762106,61
24,27,301721.91354765993,166
24,13,649216.280706341,757
24,-41,144224.85704341496,0
24,41,284263.660672153,126
24,-19,230707.3279246874,120
24,3,650511.5569727056,701
24,29,330328.229107856,212
24,-3,651596.2820127084,749
24,43,349982.9710434854,285
24,-9,538289.8865204295,559
24,15,629999.2157170402,739
24,21,665327.5751566878,680
24,-29,177314.65932190616,106
24,-12,536565.7627102967,508
24,5,659472.036770809,703
24,-43,128201.17245202436,4
24,33,223628.21938863385,147
24,9,642027.6739146294,725
24,11,636903.7342457453,731
24,-8,548526.1536801485,585
24,24,460283.16170896037,359
24,31,286349.91265535844,209
25,1,666839.7847861642,704
25,33,236623.0225832173,159
25,-3,582684.5730974352,639
25,-22,189095.0392084372,80
25,3,652577.078082605,696
25,2,668391.9552854067,707
25,-9,520797.1400053645,545
25,-38,229319.94402728628,123
25,35,221046.6014825804,143
25,-39,223412.7973475441,88
25,24,497658.9446110497,395
25,-34,177228.49198445174,32
25,25,417077.2117975046,287
25,43,297906.87534234714,207
25,-42,148198.0885162235,8
25,-36,190673.13309070896,76
25,27,330920.7890771109,209
25,-31,171251.13628314616,80
25,-28,195807.31993081118,135
25,28,309861.42964699195,175
25,-41,193456.02059035574,46
25,-18,249826.67836341407,133
25,26,374452.3564030549,240
25,-24,152983.00888557392,65
25,41,280185.12877997156,130
25,5,600312.0863681042,630
25,20,605787.2821261266,605
25,-20,197999.60055721138,69
25,-7,546669.0396832356,603
25,-21,159783.9647728347,34
25,29,335471.66699224105,227
25,22,602843.444727235,572
25,-13,436828.2263461812,383
25,17,603750.1465321134,674
25,-23,151403.68600928775,47
25,21,635716.7272248191,639
25,-11,434387.7885495705,390
25,9,577245.9413042006,648
25,-30,187214.93137894565,116
25,18,601934.343818502,664
25,7,568745.9558559468,611
25,39,246295.54606267565,119
25,6,581210.6358823235,615
25,-16,288911.9890146808,183
25,-25,169270.58259657753,77
25,-10,487526.2236468482,488
25,-6,556817.6732616032,629
25,-12,447965.64821327094,401
25,10,590463.6561993088,672
25,-33,170021.25691942856,21
25,32,255349.63879265494,150
25,23,567043.2669290137,508
25,16,608357.6237118708,693
25,-29,193869.86732924593,133
25,-32,147877.39676236687,15
25,14,605356.3076212791,703
25,40,271602.40781603113,126
25,19,587259.9660325313,616
25,-5,560619.9988180707,645
25,11,607336.778894932,689
25,-43,149331.4308504999,26
25,4,626217.3707183732,681
25,-2,652727.0429199666,719
25,-8,537087.6748094136,572
25,-14,397984.07083830796,335
25,-40,208713.6990693288,69
25,-37,210928.6966632873,120
25,13,603683.615905467,700
25,-26,175439.79175562918,92
25,37,220646.46854194446,113
25,-19,244212.47888937136,130
25,12,608307.7723542142,697
25,0,669103.8341193325,701
25,-1,669890.6098378493,700
25,-35,179956.97877763232,44
25,-17,270589.0144714091,162
25,34,217778.1886241598,150
25,42,303682.1321950265,175
25,31,292509.23350390355,172
25,8,549911.9484903088,604
25,-15,299331.113337141,189
25,-4,566911.8859494977,643
25,30,331437.4118331154,221
25,38,235484.96886779353,117
25,-27,190991.3084941436,126
25,36,199502.29020220326,94
25,15,609340.1559392486,710
26,22,572374.1061024058,539
26,-29,192962.29972641004,130
26,35,229913.8902456552,158
26,24,537081.0821364783,477
26,-9,457391.2351026868,464
26,-38,228070.04536271447,138
26,11,566812.9575911848,644
26,8,535298.8483526624,583
26,9,524769.8226359393,581
26,37,235562.8965034038,131
26,-19,242953.50178592344,106
26,-21,208123.07883997128,94
26,1,631618.613026915,653
26,-16,292844.5001510855,193
26,6,562611.0088648497,593
26,-18,238884.80034417345,103
26,-41,232156.95770061837,107
26,-36,223738.64563421925,164
26,-11,433469.1489404963,390
26,-13,431576.524137178,391
26,33,188404.49073025893,64
26,4,603859.6038828795,665
26,25,459329.93327521684,369
26,2,613588.9200452073,643
26,5,584004.0171640837,615
26,30,322893.1758210043,198
26,-1,670349.1569931663,710
26,-33,177093.8714901624,43
26,-34,182097.09501642783,52
26,-14,404700.2690339512,354
26,14,599495.8967131496,697
26,39,259476.73239021792,140
26,-25,160026.31180818047,71
26,38,252458.5317816945,144
26,27,362261.3728934369,259
26,0,647827.0871610938,669
26,-10,432565.04828480544,411
26,34,208455.31209766565,130
26,18,596882.6984611609,656
26,26,400721.8054480197,299
26,41,279506.7344751917,135
26,-24,139212.70387298515,34
26,-5,556975.993755267,634
26,-8,493948.85587524483,525
26,-27,197751.17399994252,137
26,-28,196304.3819836572,133
26,-17,287560.8470028511,190
26,-23,138195.63199499916,30
26,-22,179343.6512931044,72
26,10,546865.6243057938,611
26,-20,237229.81114814602,113
26,-35,194312.9700333754,67
26,31,241795.8350023967,88
26,-30,191700.16698020694,127
26,-32,186920.79605370853,97
26,-15,305713.7801481528,200
26,-37,230574.90300827194,176
26,21,579316.4634870659,557
26,19,575072.0236227307,582
26,12,580027.4478951348,665
26,28,351031.4089376585,245
26,15,600811.1019365961,701
26,17,597993.4467404375,666
26,36,219836.1210966956,127
26,16,603150.421580321,687
26,-3,580996.3817560871,623
26,13,591907.0898873311,688
26,-39,238712.42188635873,131
26,20,566183.6658795283,547
26,-42,203545.2175174209,91
26,32,187807.00942877095,50
26,-7,523518.07062828145,573
26,42,238024.28396735783,79
26,23,572814.3334152874,527
26,-12,430149.05220199755,376
26,-2,642818.5990824272,698
26,40,275470.9061939636,139
26,-6,542595.2944326943,605
26,-31,196529.12361359218,133
26,3,616833.6546947702,665
26,-4,567191.2209891104,642
26,-40,235456.39485010877,117
26,7,547016.0340168892,584
26,-26,178975.8347992718,109
26,29,361533.82041067816,273
27,18,605716.6215048648,653
27,37,308871.48757457023,224
27,21,552182.8758960052,519
27,-21,217900.1361479767,109
27,-12,417926.8567401188,362
27,-38,234526.58343522248,166
27,-4,598320.6545153649,676
27,-20,245680.43616671866,128
27,-22,188021.7879036052,80
27,26,372167.56885887496,284
27,17,597274.4725685511,663
27,15,600432.2722020382,701
27,-31,199319.17420229825,128
27,5,571940.4226170479,606
27,11,554514.0123908445,630
27,-18,240001.542117222,105
27,-9,439902.8486654446,440
27,36,273924.9447298002,188
27,10,522958.73197309545,581
27,-17,247105.28844357986,119
27,-15,298478.19350231194,200
27,35,182379.2431738837,50
27,-36,240024.26092342887,193
27,-1,682504.78352091,749
27,12,572263.2525747337,657
27,22,561094.0979843845,531
27,-30,193728.93917890493,124
27,25,396082.1580421858,334
27,-7,471489.6211520733,495
27,38,289768.2688274211,191
27,8,530817.7072660972,581
27,0,685550.1194518281,730
27,34,158341.89286462963,26
27,-33,220945.32892673806,134
27,-35,224924.33614700518,131
27,24,465133.99900494574,408
27,19,566547.306036255,568
27,-40,202899.72789258184,101
27,16,602484.6491171904,686
27,-19,235495.95940849427,109
27,-32,205579.46428265978,130
27,23,533772.074660654,495
27,-29,208109.52168491943,127
27,-24,135697.194381262,29
27,9,525675.2632945905,580
27,28,353388.3529327722,261
27,-37,256497.511464766,220
27,-34,206080.44840960702,78
27,-3,617797.7898299261,673
27,31,210490.02172806085,61
27,-23,145672.18384976147,40
27,29,304782.1009041371,180
27,7,541060.6446921879,587
27,3,596436.8054223263,643
27,39,273791.59643034823,158
27,6,555201.5314785221,591
27,-16,271769.250393989,171
27,-5,483515.08434587746,519
27,-42,175702.10473246608,66
27,-41,192315.0425574219,85
27,27,348396.0324411909,254
27,14,594373.4856666456,692
27,2,628038.4636666442,654
27,-10,429224.730167198,412
27,-2,639561.523852869,685
27,-39,215373.35631229746,109
27,40,257528.5774944815,119
27,-25,138341.49896279938,32
27,-13,417698.27602178504,366
27,-28,204399.70415444626,131
27,33,169284.88159316612,34
27,42,224902.6990912313,72
27,13,581086.602324936,676
27,-8,479517.8160850394,500
27,1,659540.9561527352,696
27,4,586502.7233886442,645
27,30,256418.59956822582,100
27,-6,476339.37665377546,508
27,-27,193448.9382794366,111
27,20,547378.3893511333,516
27,-26,144658.11503611092,36
27,-14,378773.8915726166,315
27,-11,430590.04271447205,395
27,32,179629.34099049077,42
27,41,226773.12825939668,68
28,24,441273.80775381334,391
28,20,524459.3876573173,499
28,-35,247175.67589729515,172
28,-32,214124.32505553524,123
28,-25,176665.9249590211,83
28,32,194698.6355014998,59
28,-17,219649.506941308,85
28,19,577645.3179425368,579
28,-16,242417.65619730492,140
28,23,509810.1023389174,485
28,39,277776.18923964014,196
28,30,245931.2097619642,110
28,25,378095.72998724715,319
28,6,555028.3970789247,603
28,1,621663.7722975523,631
28,-36,257125.89228903464,231
28,-3,554660.8233553958,585
28,-31,204781.76559884512,120
28,5,572125.9094331097,618
28,9,538061.1016797925,594
28,41,291274.0911829434,162
28,38,311978.9382420936,236
28,-9,489617.98559836077,506
28,-13,388102.25924935745,336
28,2,604278.0320474644,635
28,36,202000.68987511066,63
28,40,280569.65072762885,184
28,35,190267.0680606564,34
28,12,559585.3943039075,647
28,37,266564.4963665351,154
28,-23,161244.53924830706,58
28,-11,411098.2583596805,376
28,34,176335.555883724,39
28,-4,553123.3151690764,616
28,-7,539088.0347642513,584
28,33,176627.18309792274,46
28,14,592159.301218004,689
28,-20,229703.41002207735,117
28,-41,174297.22025322792,69
28,-30,200740.40557301306,122
28,26,331989.847042677,250
28,-6,557278.2095644267,611
28,-34,245405.17346556557,152
28,4,582843.9780415168,652
28,8,536578.3699877964,591
28,-26,189552.2141468803,105
28,31,216284.9048094199,75
28,-29,184743.6507570174,79
28,-2,589900.7815861322,618
28,22,562068.2342291465,554
28,-38,236022.04849869903,158
28,3,592984.6596071585,643
28,7,542171.4169446641,595
28,-40,200892.36864967993,86
28,-12,396580.663498331,339
28,-18,212223.78189016125,83
28,-8,525374.254530118,559
28,-15,268142.11129041604,185
28,0,642930.3205467614,680
28,15,602305.3834331195,700
28,21,534045.3967507835,506
28,18,597771.0976672565,617
28,-5,545914.1054149969,605
28,29,240468.42155119687,98
28,-22,190686.09242085938,77
28,13,576508.5554109543,670
28,-37,251766.41963119627,207
28,28,268980.0161919589,143
28,-19,216232.2366968154,96
28,-39,220480.28318692133,102
28,-28,171209.05511744783,49
28,17,605308.3241551582,668
28,-24,169790.52118392737,69
28,-21,228673.99570811147,112
28,16,605719.1069873394,706
28,-10,458503.25076470553,448
28,-14,350709.10481585277,299
28,11,529764.5072463241,603
28,-33,227236.56490476368,125
28,-27,160675.09288776704,41
28,-1,638904.9137869525,689
28,27,295118.9888029512,186
28,10,547655.4454103162,614
29,23,478973.30077147315,445
29,20,497077.4987149625,492
29,-25,191653.66373560685,92
29,0,647157.6529086136,699
29,-35,243659.726168479,148
29,18,474013.52371395624,485
29,10,529509.4223895427,596
29,-8,473233.204808862,485
29,-19,223331.60850176774,125
29,-18,257704.7201837898,147
29,40,253079.5733709402,145
29,11,524657.9918392932,596
29,38,215250.5501898999,109
29,-33,225389.8530937442,125
29,-9,486974.58925748355,494
29,-4,491753.86990133394,527
29,-31,202006.85772238165,115
29,-3,492364.00591474987,508
29,-5,479118.67509576,512
29,-34,235441.53880636182,135
29,28,269075.8145938589,147
29,34,198269.0130758618,68
29,-2,553447.7751525061,572
29,-23,166078.02305500017,70
29,-14,288274.9391819677,203
29,-11,457824.76583864214,421
29,9,534648.3123052815,600
29,36,178097.28004870508,42
29,16,534003.7460383299,601
29,-32,209692.72745278588,111
29,-30,178869.2706276153,73
29,-22,202296.7597834352,92
29,1,620436.7180643908,652
29,12,557731.5062750536,648
29,2,600428.4349264189,645
29,22,536086.0924916114,535
29,-17,234799.09973941717,114
29,17,517078.97442581586,555
29,6,569841.0274409796,614
29,-15,260465.36843100595,174
29,19,491007.34984554676,498
29,4,583741.7369857453,656
29,-13,361436.53155496035,291
29,-36,247392.28052460786,196
29,-40,164793.98782241836,40
29,24,415908.5874030773,358
29,5,573033.1293276199,624
29,-1,618121.2057855118,659
29,-16,240074.85778937396,139
29,7,560600.4286557816,611
29,-6,467660.2931671411,497
29,14,533347.998763281,612
29,-28,208415.40308046836,121
29,-37,236969.60328514304,169
29,-26,212723.42531119718,114
29,25,330218.19396933424,247
29,-21,203159.49165694226,97
29,33,198489.97153860584,71
29,37,222026.8722958326,101
29,15,525449.4178715189,603
29,-24,174300.11053428883,80
29,26,282313.16875981883,193
29,21,497846.8380106859,484
29,29,225303.48997939235,83
29,-38,236153.97084071444,159
29,-39,234810.32054828043,116
29,13,539932.8543286884,623
29,35,198517.01882815483,54
29,-7,469822.4320475546,491
29,27,284278.65916165744,171
29,32,211038.47902684103,90
29,8,545824.7321179912,608
29,-27,223282.30339671238,134
29,-10,508277.7512108663,506
29,31,242382.98533679705,131
29,-29,198456.01546907096,104
29,3,587716.5558606342,648
29,-20,192109.532444971,86
29,39,231953.64327723024,121
29,-12,394319.9844787634,334
29,30,241609.3913922033,117
30,35,187003.9571085535,44
30,34,200361.399279596,66
30,-32,213030.26695260205,112
30,-37,216191.07424817173,123
30,-16,244532.47484660926,143
30,-40,159506.2340630509,42
30,-11,428114.7934630113,373
30,-21,217555.28559196755,131
30,25,325356.78985747794,226
30,28,280592.0827508279,170
30,-28,217397.49652023878,134
30,13,535809.6915478823,600
30,40,238037.72355131342,112
30,-29,202782.82771235853,117
30,-38,203725.930136742,97
30,-22,213694.82589476337,124
30,-26,231080.7662027587,149
30,-6,469191.73090741545,488
30,-30,192305.73197857605,90
30,7,489715.68763208546,510
30,29,271798.6469346164,152
30,30,282258.6419228697,175
30,-8,456177.68073243543,452
30,32,233491.33301245607,133
30,12,522404.46362900664,601
30,11,529279.1462562282,606
30,-24,197229.89579593405,99
30,15,520592.8137390889,599
30,-3,482963.7438892621,527
30,-17,228465.37913015825,120
30,-27,223108.26082259376,145
30,-25,222212.69477496043,122
30,39,226617.35804404147,109
30,22,514542.30659166217,508
30,-1,604824.741981028,658
30,-18,224932.55199630884,132
30,-9,442782.99959245743,415
30,31,251574.53085693863,153
30,1,625109.3974566417,687
30,33,229298.97103545626,114
30,2,604961.3213003513,664
30,21,506305.1893012819,514
30,16,520436.84894404706,598
30,-23,185147.84408914892,77
30,20,460664.58039687603,464
30,0,639990.00584067,715
30,-36,237016.83732306754,167
30,-15,265822.97998762695,181
30,-7,463766.69036314054,473
30,37,190336.50167609061,71
30,-2,539077.6319825109,573
30,-4,485537.6214030024,518
30,-33,209479.81295366024,114
30,5,536876.2647893373,555
30,19,436770.612421381,444
30,9,534087.1399924632,596
30,10,538016.9444783543,611
30,3,575632.4338745512,635
30,-39,187144.28395360475,64
30,17,508086.2672396868,562
30,36,171047.8988613462,31
30,18,466480.2907163288,483
30,14,523361.0396474194,599
30,-19,239987.51297968975,159
30,-14,310466.9312879391,235
30,8,508538.5550148609,557
30,24,417358.1178574523,353
30,38,208281.01741959457,94
30,23,460487.08144280774,418
30,-12,396758.01595064055,340
30,-13,377823.11482540984,318
30,26,292278.38065412093,192
30,4,545668.4377783738,608
30,27,291130.38368894934,181
30,-10,419684.2373028812,368
30,6,511210.8896923619,530
30,-35,232114.24148291835,137
30,-5,477426.73017529736,502
30,-31,188133.75085373255,81
30,-20,225451.52779283826,143
30,-34,215500.29538610848,120
31,1,580862.6509647367,651
31,-15,272945.05914030806,184
31,-7,395615.62847568525,356
31,22,518962.58052670094,514
31,-24,208991.68093961448,106
31,20,434250.76324458036,437
31,-18,241111.82199598613,150
31,-22,220968.26543029325,103
31,-32,208671.38968458973,116
31,-5,444273.88997686794,452
31,-37,227987.7404587743,127
31,2,557006.0053222551,600
31,33,197958.77498446015,92
31,-33,206707.5167745635,116
31,-39,203579.29562434411,83
31,-36,233482.34212391262,152
31,11,495296.2124820807,554
31,37,191196.40170403867,61
31,17,506365.1872024379,582
31,27,292944.18469976616,193
31,3,523274.0625395602,573
31,12,506563.4608608682,562
31,-8,396115.5848557891,344
31,21,464905.35226250166,455
31,-9,400828.1668057985,355
31,-1,594595.2101384959,662
31,16,506764.8098397556,585
31,-6,415250.80447035935,403
31,-25,225025.03450965814,134
31,-10,396796.76534361485,343
31,-26,245451.2243334907,175
31,-2,535763.5328369761,588
31,7,489709.9304090027,508
31,-31,201880.67256774846,98
31,-23,199087.85602894198,72
31,38,215374.3373434228,85
31,-3,505934.71452796727,560
31,39,216648.59745735917,76
31,35,173746.67085432666,33
31,32,241669.16449079014,144
31,36,172591.30913851567,21
31,-14,313491.683000919,227
31,-13,374470.1941423512,311
31,13,506344.5834064227,565
31,25,353755.8737049061,261
31,34,180928.5553672546,54
31,5,515858.38363824866,546
31,-4,532769.7661676527,590
31,-17,234988.65424753696,133
31,9,470798.25822245626,501
31,10,491237.77435346844,544
31,0,602037.3107873017,682
31,-11,400634.1016209674,349
31,29,264189.78412243375,170
31,-28,234876.55160464116,166
31,-29,239037.580815772,166
31,-30,230580.87336626623,140
31,-27,234019.34271307624,170
31,28,273485.3267529294,163
31,-21,236891.03439959607,132
31,24,410645.4945148706,359
31,-12,398300.7569042321,353
31,6,500304.78073881124,522
31,31,261587.0855856241,153
31,18,457759.1701022706,487
31,-19,251138.88200481454,170
31,-35,228604.6291236406,125
31,19,431007.87378881825,446
31,4,524410.3015038264,575
31,23,518652.3947266312,505
31,-20,262232.5969715768,192
31,30,270966.2604432652,170
31,8,471538.86567041196,501
31,-34,210769.2272359499,115
31,14,502753.9706464094,571
31,-38,188358.08428512295,70
31,26,308837.3527529512,213
31,-16,242653.92348602467,148
31,15,501417.25726096577,576
32,30,283835.58316315786,214
32,-24,218273.46373873163,103
32,23,519551.64028304484,508
32,3,539337.2575207802,602
32,1,606614.7231618407,692
32,-29,241771.61740480433,165
32,13,498839.04193060123,549
32,-38,193342.16421443564,56
32,19,426911.88506775745,443
32,-22,227145.92453997998,102
32,18,446354.9377764033,482
32,20,419944.6972080867,417
32,21,459352.95463728445,449
32,2,567789.5842191076,646
32,10,450340.96508781996,480
32,29,270753.93907089153,169
32,37,217951.90216175848,85
32,31,279730.0174087603,189
32,-33,238366.78170525236,165
32,-10,412328.63632066606,403
32,-2,477288.83743521065,521
32,6,474429.2074758429,506
32,14,495401.58122025337,556
32,-37,217369.25559930157,87
32,24,420100.9860829241,362
32,11,474860.3879391378,521
32,-9,382474.73155254585,343
32,-6,406544.66933968593,401
32,36,152741.37988996416,8
32,-21,234673.40028488947,120
32,-28,239159.79282450283,168
32,15,492377.35126733675,564
32,-15,292405.9101730941,177
32,-18,231239.9603012336,137
32,38,199459.45108268777,43
32,-26,250366.72032311055,178
32,-4,457634.49258236884,473
32,-17,220297.01663208238,118
32,17,490870.0810045484,565
32,-20,228594.64102619543,111
32,-36,250302.09419070953,139
32,33,193350.8975964864,69
32,4,513583.7211084704,580
32,12,488562.6323248629,535
32,26,298757.2291953182,203
32,5,506056.06821372756,578
32,7,474295.8543163839,493
32,25,364004.1327110236,292
32,-3,471419.6002797188,501
32,27,274486.79399105936,161
32,-30,252759.29293796857,169
32,-7,389167.5824041651,363
32,-8,375837.2062630488,338
32,35,150362.24962451484,18
32,-31,257052.16960338724,177
32,0,611572.2600189003,701
32,16,494164.58223951596,570
32,-5,424393.67929513974,430
32,-34,244535.0030658093,164
32,-32,270561.1320139503,200
32,-25,240742.4572493455,149
32,28,232839.27677833472,111
32,-1,537927.4547951624,605
32,22,511451.4622326168,492
32,-27,241983.9827519072,173
32,-11,401093.2430015407,355
32,34,163959.87520994619,38
32,-35,253942.96036594477,172
32,9,444785.8810077475,462
32,-13,371185.8617906113,324
32,-12,418481.982688826,389
32,-14,304893.13664591935,206
32,-16,259242.80848267325,142
32,-19,239118.0210188002,152
32,8,452502.7836231874,468
32,-23,201789.70410172179,78
32,32,253159.61390493409,134
33,21,459636.90040365874,441
33,-15,245045.5495388433,123
33,36,221231.4524317044,109
33,27,261832.5877446818,156
33,-33,295286.6685369535,245
33,18,423533.2703155665,434
33,26,265149.0907698338,162
33,24,410314.39449613506,327
33,35,171543.0720481772,30
33,-25,271453.5179814361,181
33,-24,275445.6546163783,176
33,34,183038.32532745678,43
33,-11,392533.6317676893,378
33,2,545575.1466144021,612
33,33,208907.3415909837,70
33,-2,454623.8854928152,505
33,7,463480.4816183711,486
33,-8,374960.82877466164,354
33,-12,393554.8082486013,372
33,-3,453522.7542819907,486
33,37,251746.55025873194,143
33,16,419352.94419126277,467
33,-7,399062.9658577515,393
33,25,315960.7960873353,223
33,1,565175.0520272614,636
33,-30,257180.51452689792,170
33,-19,219354.6682296168,105
33,10,440996.2118092662,466
33,-35,279326.89665541827,192
33,-32,281487.7256099321,203
33,-5,426441.32662447,442
33,-16,254168.8060092256,128
33,4,502313.9588647973,564
33,13,464127.8103716446,516
33,29,249784.03861077913,150
33,-18,224304.94812903943,112
33,19,428886.7880283213,429
33,5,483900.74193368765,547
33,-31,269028.35527142964,179
33,22,497582.1993044617,475
33,31,303993.19100214896,225
33,17,417484.8524018307,449
33,-36,234472.42295870814,104
33,11,465104.9661141224,509
33,30,253114.38696364738,149
33,-34,300011.9624643419,247
33,9,442902.2184144953,463
33,-20,206741.67830967595,70
33,3,532948.8076608279,599
33,-1,515498.2773112918,587
33,-28,240454.2493372306,168
33,28,262011.0622707445,155
33,-6,414473.79605344724,420
33,-9,374193.06761360867,338
33,-10,391439.5415776035,378
33,-14,251794.00566249617,130
33,32,253939.70809792192,136
33,-13,348282.52552857087,305
33,-22,259069.2875403004,146
33,15,427990.098078278,477
33,-17,231044.6267094235,100
33,23,505306.3744330911,467
33,-37,219295.3441396035,79
33,14,444495.8703733603,491
33,-23,250867.17041326253,135
33,8,450463.3935825506,463
33,-29,247557.84243451327,167
33,-27,235588.4434275429,157
33,20,421980.11979801307,405
33,-21,227893.7598164645,100
33,-4,444665.1196950356,466
33,12,477991.6187206446,532
33,-26,236222.50745389258,157
33,0,575246.1139505113,647
33,6,467449.6813098876,510
34,-17,217632.60734420226,105
34,-26,315641.32510142383,252
34,-28,285120.49195142847,212
34,12,427623.1645481892,478
34,16,393194.3488183331,415
34,20,380524.18641978805,341
34,-19,210155.62370205097,65
34,25,307154.5025986542,202
34,-15,201104.16325155972,95
34,0,524558.5552963517,577
34,-8,373985.1944816586,344
34,-25,298251.3943400718,224
34,-7,364945.4525738851,342
34,14,416926.0663466569,456
34,26,270377.93529471866,152
34,13,413917.13444434927,468
34,11,445709.99435045564,492
34,5,478773.4226948259,541
34,29,229220.3347406992,122
34,-6,360308.7796421798,346
34,-3,426748.5533397727,460
34,18,353669.2608993163,328
34,34,234405.9657626412,107
34,9,454010.6088492658,468
34,30,240483.95919331495,132
34,-27,306074.5336700549,240
34,-30,248142.1684771952,165
34,-22,218912.0812768838,86
34,35,197265.16094349956,62
34,1,530244.9633460018,578
34,21,439443.2718516867,395
34,-18,211482.9597168394,103
34,-34,266610.81462267484,195
34,-10,362969.29851644445,331
34,-36,238812.22856236724,100
34,-35,256512.86494682461,150
34,27,240857.5620993733,118
34,-13,283189.0626150825,220
34,-29,250635.9752336312,170
34,-2,445365.674153903,483
34,-1,485713.51026058104,541
34,-33,280766.2833861773,228
34,-24,237160.53474313102,127
34,-21,202630.75624569392,65
34,-14,207539.7525206896,115
34,-12,321851.099672099,262
34,-11,370231.3218412521,344
34,4,495058.60274953657,544
34,28,232163.12729283204,115
34,15,408334.8916878598,447
34,33,265623.6931813698,144
34,36,214782.97121116114,87
34,-31,252255.74175355263,173
34,17,386719.1157795328,389
34,-32,264969.6930955691,192
34,7,476612.16930706956,514
34,19,378787.3924680956,339
34,31,257763.73346532814,134
34,24,375844.56421852735,295
34,-20,204789.1628338143,52
34,-16,206655.06083808525,97
34,2,535265.5974659958,591
34,10,442972.5602340494,469
34,6,474819.24324754224,546
34,-4,400029.1963291123,410
34,32,253728.89676416462,145
34,23,475048.8782240353,443
34,-23,211264.61003186053,90
34,-5,364592.4930760666,358
34,8,472253.65803268534,510
34,-9,383677.00748810184,358
34,22,461562.58306927886,420
34,3,514275.4865357283,568
35,30,234682.19594835007,126
35,22,444384.58829251636,416
35,-29,270787.53121687035,198
35,-4,407961.4974593795,429
35,1,539319.6668360756,604
35,-12,334834.73962274956,281
35,-15,197933.52970261357,101
35,20,386655.2003994778,335
35,16,392043.42899193714,402
35,-22,212426.1287531579,87
35,-5,410165.17190351593,424
35,8,485809.89985511545,525
35,7,486860.4071355773,539
35,-34,254817.88667434105,179
35,14,409922.9231638216,458
35,3,478287.180563714,508
35,-9,371188.89603758295,320
35,26,255380.55100812812,132
35,32,255362.08794692555,133
35,-7,353397.6090034938,277
35,0,521019.19587189873,595
35,18,367226.9451544061,336
35,-16,203274.09239230564,112
35,33,255813.4298428031,143
35,4,459191.18933218357,483
35,23,447774.74884234124,417
35,-13,275482.11982955574,215
35,10,449693.2067925133,472
35,-21,220894.18849679508,90
35,-10,380647.5777393003,338
35,17,390590.4679391736,381
35,-24,221177.99397540378,130
35,-30,234477.21512742326,142
35,-11,366026.1296003712,312
35,15,405227.0795271896,451
35,-6,404381.03466947697,395
35,13,417529.5775771019,466
35,11,430971.7358977266,471
35,29,215811.85230043647,98
35,-33,267203.15886653133,207
35,28,212037.80452476264,81
35,-28,303489.65402345936,231
35,-32,255280.03197989918,184
35,-19,233965.67847727286,106
35,19,342820.99907971255,288
35,-17,206279.307208427,122
35,-14,232222.54872757918,165
35,-20,230300.93266617667,102
35,-8,363357.94802431087,290
35,-2,455826.0973147743,500
35,-31,241386.12376517436,158
35,-26,293964.77891622495,211
35,12,424190.7325238002,467
35,21,423603.49453646946,382
35,-23,216716.46651236876,114
35,6,446548.8988966155,487
35,25,296740.37470899994,189
35,-3,415117.6719073099,428
35,5,446633.8930278373,477
35,27,234581.40251786704,102
35,35,205484.94547960508,65
35,31,248543.21045126446,135
35,2,519934.3170796845,565
35,-1,483251.79582833487,543
35,-27,317298.0963837731,246
35,34,216505.07517022197,81
35,-35,244468.11758492334,146
35,9,476372.79066925397,499
35,-25,259684.1182928435,156
35,-18,212110.6234380209,114
35,24,362171.64834687207,287
36,-33,271223.56105843955,208
36,-30,309175.0808169062,246
36,12,424603.9219615473,473
36,13,419294.40235149226,471
36,-7,326800.65292487235,246
36,-13,270753.73720594234,211
36,21,381439.96744771535,339
36,0,489088.12801901286,540
36,29,268035.16257562174,166
36,-21,227437.17890932376,126
36,-8,328440.3896616003,230
36,1,510911.53459330485,562
36,14,416284.6866907123,470
36,18,384361.2979900942,361
36,-22,230181.11176564594,131
36,2,480094.15415163623,528
36,3,467306.7245259495,502
36,33,232164.07403160149,117
36,28,251684.4775087571,129
36,-1,449558.18798165326,480
36,16,402932.777304116,410
36,4,447769.393709537,477
36,-4,410895.2284999655,420
36,-26,297488.6527494376,211
36,-15,210680.29015708694,140
36,-25,271954.086921948,184
36,23,386363.32007771224,337
36,-5,390455.5714969792,366
36,10,454986.448112196,478
36,30,263538.1526407535,165
36,5,432393.3367917026,457
36,26,280977.8372428768,185
36,-19,197930.50059071282,64
36,-23,231453.48275513036,151
36,25,314388.551700451,221
36,34,214945.0878160304,77
36,-31,280063.83358497603,205
36,7,424870.52984104975,454
36,-24,235897.57276093756,153
36,11,436548.3858797712,475
36,-34,273224.70275666023,193
36,8,449337.54938471987,473
36,-18,208621.17253912412,113
36,24,354108.93975261983,275
36,9,465534.42023710953,506
36,-20,215807.8283622804,88
36,32,243948.2269570043,145
36,17,397031.6637964314,381
36,31,261728.12790138877,153
36,-10,320488.8050532897,242
36,27,230360.18692586245,100
36,22,412827.9022784336,380
36,-32,250377.41426258325,171
36,-14,236038.278569181,172
36,20,346413.9540743942,298
36,-6,342836.8246591666,274
36,-3,404316.3600548677,422
36,19,345958.5151650363,297
36,-2,415788.85497684724,443
36,15,416386.0198733673,450
36,-9,326146.7059934043,238
36,-12,336499.4013929924,284
36,6,425767.1664568514,453
36,-17,216850.25730688122,136
36,-29,315973.3979681917,262
36,-27,320711.23433490796,239
36,-16,213362.54296951072,137
36,-11,336544.8016131939,271
36,-28,336182.38105359435,268
37,-17,188225.3548575693,101
37,12,425833.193816461,466
37,-23,235102.22816204783,155
37,-12,343199.4422106994,284
37,-7,309130.7654148764,219
37,-20,201012.69953548713,73
37,16,401528.4817959625,405
37,30,250674.05890164332,144
37,6,423903.3847982854,448
37,26,284559.46647099854,181
37,3,462078.4529259368,520
37,-9,313759.63435825316,224
37,-11,324114.28416886,253
37,-19,186365.2467075272,43
37,-4,390378.8910184666,374
37,-24,244623.16910261608,170
37,9,431482.9636342101,444
37,-14,234000.57934443658,164
37,-1,421035.5073284425,440
37,5,427839.30809860886,453
37,-2,395006.23849554075,406
37,25,285380.98531418375,189
37,-15,212388.08241918153,145
37,-29,317449.1316529646,257
37,-10,314175.7349770811,235
37,-33,314812.6826772494,257
37,8,424891.344898074,437
37,4,438510.6313322449,474
37,-3,381517.48397096014,385
37,15,417841.06168901984,437
37,0,471170.31118312647,516
37,13,425787.90831751423,478
37,-8,316283.2699823942,218
37,-26,284270.2078543751,190
37,-30,310085.189118494,256
37,33,224396.34292320895,122
37,22,385115.98393113114,351
37,31,264588.48141602677,157
37,-13,280949.6373642027,217
37,2,501527.6473782822,565
37,1,532415.9800690464,609
37,-21,212682.6474301887,96
37,-27,300759.36552592623,203
37,-28,307621.9464745257,230
37,23,360018.05949275737,300
37,11,428940.78157156345,448
37,-18,189030.2539786046,81
37,32,260381.65126437793,167
37,-22,249278.74816591063,150
37,-5,356176.5231240976,298
37,19,356229.55105072935,347
37,-32,318639.20264286996,250
37,-25,275511.5533420867,188
37,7,424309.4325070571,450
37,29,260267.75737604927,155
37,21,348729.02461045136,307
37,28,285706.16037380334,164
37,27,291746.4271783068,176
37,14,430898.66920148826,478
37,17,387906.3089737815,380
37,18,368107.70890153304,358
37,-16,202661.4906625814,132
37,10,432995.1513074108,437
37,24,313491.3106791054,238
37,-6,334278.36032197584,262
37,20,332423.77215348755,294
37,-31,312079.8610033205,251
38,11,428697.48420259834,440
38,-25,295612.5458473185,202
38,28,238143.486142756,107
38,2,487618.14918832475,553
38,6,439395.5755178805,474
38,7,438551.31172792154,473
38,-8,318353.8226273627,231
38,25,249898.7002102381,131
38,10,447709.1822423723,466
38,-4,397433.4360604987,382
38,-27,274127.9585927985,187
38,1,517017.52823273453,590
38,12,389433.6438362682,395
38,-13,270962.7065068201,201
38,-31,312816.42558049416,246
38,9,445814.90481220203,469
38,30,251215.5610891875,144
38,31,288180.01285123057,186
38,-11,336135.55894509796,281
38,-15,230754.15628482812,158
38,18,364671.78160515515,358
38,-30,307091.44329395326,253
38,20,343142.4277694645,341
38,-24,290864.4834815753,217
38,-32,316360.0151924195,242
38,-12,330402.4462291651,275
38,-20,201460.904151892,61
38,-3,388527.3691999638,384
38,32,262695.4156777954,165
38,-10,330993.07220347004,263
38,23,342484.1247733796,290
38,21,368607.32988880813,347
38,-5,363972.0826005299,306
38,17,337794.0413264528,307
38,22,372775.04103390203,337
38,27,224431.0944948362,83
38,-26,287803.11651714187,184
38,3,467105.36633971886,525
38,-1,415584.8985652221,427
38,-21,220273.1035491943,89
38,-22,240347.31754180323,126
38,0,480713.5770074724,536
38,-18,200078.286899749,87
38,-23,266366.5227048118,193
38,-16,219095.92660755705,142
38,-9,320126.3611988449,246
38,29,234282.12824021984,113
38,19,349196.6623625907,347
38,5,444185.3975178548,488
38,-28,278535.13632005337,198
38,-14,226773.392140779,151
38,24,294987.68442610896,213
38,-7,306826.8003283051,228
38,-29,288128.2996145813,222
38,16,321986.2014139249,283
38,15,346812.6494733771,309
38,13,372040.2268976012,370
38,-6,341801.24099727644,276
38,8,474326.4401695525,538
38,4,460931.318661339,517
38,-17,205658.37491899685,114
38,-19,192747.33818946953,45
38,14,366678.21514304436,358
38,-2,389945.29158580746,386
38,26,224986.92420648882,88
39,5,446769.93312940374,504
39,21,385925.35506605747,382
39,14,348848.11231730686,333
39,-4,388349.7224245171,355
39,-3,399263.69317554333,381
39,-23,322234.08681396244,269
39,-13,278146.19688196195,195
39,4,446519.263729848,501
39,-9,342697.7632253565,287
39,24,325615.05937831145,249
39,30,279268.7632922649,184
39,7,452676.7266289991,516
39,-6,338598.1158413833,285
39,11,388544.26149745943,384
39,29,245710.1697725619,150
39,15,324768.4664743359,284
39,19,320538.38366059284,305
39,12,369353.4197019748,355
39,-15,213864.31650923745,102
39,-14,252481.82347649158,162
39,13,359090.2503424313,341
39,-5,327480.70457303035,264
39,8,459127.0067985518,528
39,17,294952.7313043911,237
39,18,302382.5181382413,264
39,-8,330397.0103142666,269
39,28,194111.88683367515,65
39,2,474842.71799610247,546
39,31,268589.95188583684,152
39,-12,343436.0132267096,290
39,-10,356171.9005506971,306
39,-29,303584.1056608004,235
39,-30,305513.95085709996,243
39,-2,386081.33361727156,379
39,-27,337171.20552980737,270
39,1,488448.1394355505,543
39,0,455007.6234130272,475
39,22,397733.6527517604,403
39,16,310861.8760612631,259
39,-16,206423.18775610975,83
39,26,239061.8785836085,123
39,-19,200118.1771032544,45
39,-22,295403.9750047371,196
39,-28,324578.7457320173,257
39,-21,229286.98843729583,101
39,27,204532.06517613717,77
39,23,367667.09872852085,336
39,-11,335096.4316595768,287
39,3,455394.4376845334,517
39,-24,321727.8627206356,267
39,9,436019.4773861333,478
39,20,341029.03040033946,334
39,-7,340288.99179329275,282
39,-18,208821.66284722977,88
39,-31,314148.21479839296,256
39,-20,201556.3298125168,65
39,25,309438.82808409317,212
39,10,420225.0066922364,443
39,-17,206287.35472576416,79
39,6,442819.23012423044,509
39,-26,348440.0872209074,289
39,-1,405451.9074158578,402
39,-25,336413.08311335323,268
40,-27,352765.4585753624,286
40,23,342695.71376843087,279
40,4,421072.8249129148,489
40,12,352549.04925743316,341
40,-7,362490.1196804237,325
40,1,452368.3587538091,508
40,26,288904.33176183613,199
40,3,425872.43229894474,493
40,7,446311.06789330597,520
40,25,308864.4697753087,216
40,-9,309071.48607819417,242
40,-17,202789.2587851916,57
40,22,367849.06074364815,344
40,-15,197403.0185385539,71
40,-28,339268.78761928796,277
40,-8,343950.3207478642,296
40,-6,355802.6476404532,309
40,-29,326264.2170293516,263
40,5,422593.2660155456,494
40,-13,239078.07198163157,180
40,-4,340737.8970977624,291
40,-20,197154.57625063555,54
40,-26,358382.4657063823,292
40,30,251855.2410630177,155
40,-11,307737.07895709726,253
40,-19,207259.70930525742,61
40,11,377685.7351412756,381
40,15,303737.9358886215,271
40,18,277812.48241037177,226
40,-25,311446.4060745897,242
40,21,369700.02146372426,356
40,-1,369749.8713678321,366
40,16,295452.95953252865,246
40,9,448672.57969431445,499
40,10,405143.00121227506,421
40,-5,357268.2595642855,302
40,-14,199423.28439029815,80
40,19,296983.70402165264,260
40,0,394742.75745999895,420
40,-3,372011.1953891441,345
40,-30,315541.4630292819,251
40,14,324991.01475317695,315
40,6,434124.0056559992,508
40,13,337908.7582200833,328
40,27,274935.58283899294,180
40,8,453401.40434792184,515
40,28,264768.17983359564,171
40,2,438389.23884705035,504
40,-23,244876.19576291283,171
40,17,311414.6917339362,268
40,24,327727.6243412227,245
40,20,334432.77141154784,313
40,29,253331.61638869165,163
40,-2,370346.15593220125,359
40,-10,317953.7984789038,244
40,-21,210478.33516237023,77
40,-22,226739.49893943025,139
40,-24,265919.7689177768,195
40,-18,198205.21661758312,55
40,-16,201446.48112806745,63
40,-12,307085.7612987794,268
41,20,309179.31933154154,270
41,21,355610.76318495447,337
41,8,450562.8987095964,507
41,-15,177203.30031724588,64
41,-19,191896.53344726222,60
41,16,300920.5020301721,256
41,-26,341585.2020790772,274
41,-25,323243.1658727927,249
41,7,447956.2057950021,527
41,25,293671.5513209039,198
41,2,461530.74203498004,516
41,22,353094.17203263094,303
41,-1,347439.6013562472,352
41,13,332936.0538467064,324
41,-3,351094.2153481774,329
41,-13,208280.11453803722,125
41,-16,178476.8239111944,60
41,-12,245857.6423304267,187
41,-14,183262.55868350694,64
41,-24,272352.5773678498,208
41,5,427729.13930683595,511
41,12,339694.5414357463,336
41,26,282458.7009634305,195
41,0,350906.90317812515,381
41,-20,191223.99863725455,78
41,-18,193260.36497142536,55
41,10,384534.7013093195,413
41,-7,365941.5957221022,331
41,-27,373334.9354644103,315
41,9,447036.2267408681,497
41,-6,369785.12498041807,324
41,-4,351175.1866692994,311
41,23,310332.46258904965,235
41,27,270574.8247036438,186
41,-9,278315.5392918328,173
41,-11,250072.78446998214,161
41,28,260574.54234727912,166
41,-28,373262.55598711316,310
41,-5,363186.4975752728,310
41,-23,256277.49682011027,193
41,15,300282.8931090571,265
41,-22,236222.24513039662,159
41,1,422145.57140010374,468
41,17,305717.4905048642,260
41,19,282373.24585739366,227
41,-2,366883.14626764203,358
41,24,304052.3783155281,217
41,11,348246.94017694035,360
41,-8,313785.59680084704,232
41,6,434282.76498575363,517
41,-10,254875.7220853406,143
41,-21,212127.8923933348,110
41,14,320052.12644052657,302
41,4,391724.01002596586,435
41,18,278721.5560855935,215
41,-17,183847.75609682823,57
41,3,408460.8623654876,451
42,14,321597.2127880199,309
42,15,303074.91544445086,257
42,19,267107.18657498696,195
42,-7,360442.3832944741,300
42,-10,264402.0347597155,149
42,1,426701.01475426863,457
42,-4,340190.80226240976,290
42,-6,377588.2818053358,341
42,22,325880.5081204218,252
42,10,366586.05543375784,396
42,24,277214.6529019121,172
42,-9,294816.2636493784,190
42,-13,235013.75717815082,137
42,-18,175716.64802583607,68
42,-20,203950.55507272918,104
42,2,454872.2870679658,493
42,11,346923.1907178226,374
42,-26,317473.9850241235,251
42,-16,170064.7517537677,66
42,-15,169639.51203403526,61
42,5,388350.00173894677,421
42,-11,271098.2639800688,190
42,-8,304291.6143124134,194
42,-1,342641.3149601257,326
42,25,235408.75601525916,126
42,-24,292140.0320921334,210
42,20,295463.481770969,246
42,-25,307367.6100750777,227
42,12,334617.0487809596,352
42,-19,185764.30352330088,74
42,27,216428.96287857334,112
42,-3,325849.56531393115,279
42,-17,171257.0108735961,70
42,6,410043.57175791264,458
42,21,324877.7071697971,288
42,8,408739.5691862333,435
42,16,295426.7681558277,234
42,-2,310663.9050998648,270
42,-21,211860.890676039,135
42,-5,363219.8205786114,322
42,-22,237906.74816378913,154
42,-23,265360.36163060233,183
42,3,430203.9095236943,470
42,-12,291206.6051474819,209
42,9,387910.9749587128,410
42,23,313984.9506423596,230
42,-14,200033.5773808201,97
42,18,280372.57797822775,207
42,0,387416.40693882527,403
42,-27,346834.7892318168,285
42,17,312290.30000724463,259
42,7,420191.844283236,482
42,26,200384.16562820764,93
42,4,389282.2815839944,417
42,13,326370.1357159226,327
43,3,413358.6325248495,431
43,-22,259398.5524692002,167
43,25,254423.6933668695,164
43,10,374797.73890868283,405
43,11,347070.3195407424,362
43,7,375788.92014307436,408
43,21,303709.69492108247,261
43,-2,304634.9394735797,261
43,16,292413.46458666294,242
43,22,299077.5254564111,220
43,-16,168874.06529802294,73
43,23,294755.50165638456,219
43,-12,249051.3794660394,155
43,8,388818.8683004754,403
43,17,280363.4525014902,219
43,-20,198291.13393814498,111
43,4,419948.0216817557,443
43,-15,165543.61180953658,71
43,19,263555.271024904,195
43,-17,173101.63113957897,75
43,-3,322598.7704250016,270
43,24,279867.6805319027,199
43,6,367998.127227819,385
43,-4,336441.7821543375,278
43,12,323354.3667485276,313
43,-8,322094.55893326725,208
43,-24,321312.55674601725,253
43,-7,358923.4358710565,274
43,14,289015.42543183744,239
43,-13,208544.82256049535,122
43,-18,180511.60082770218,81
43,18,268902.82513326727,201
43,-5,368110.01367508277,329
43,2,420292.3253169016,447
43,-11,286846.70061575936,192
43,-6,374365.8875047957,318
43,-10,317274.91389241477,218
43,9,389805.1891583272,411
43,20,282091.18556276796,240
43,-1,381072.30495949264,373
43,-23,282424.4491568056,201
43,-25,303134.32418586855,199
43,-21,234880.10626554507,146
43,13,301799.26342909364,272
43,5,395314.73559708154,414
43,-19,187411.68404765544,95
43,15,266976.09323759534,188
43,-14,169433.24988706366,69
43,-9,318565.4031329892,211
43,1,429395.15967313596,443
43,0,407115.93390983174,412
44,-6,319329.63411448244,227
44,-18,170583.43439685373,68
44,-9,354291.29298782843,264
44,2,407862.7980228293,434
44,0,349763.8623405841,340
44,-16,156894.4476943033,57
44,18,282559.8131640072,223
44,14,277063.20404498023,229
44,-13,183650.92398258462,92
44,19,269703.6305495932,204
44,22,271020.0632457154,208
44,6,381948.6265113136,408
44,-22,236421.1540020697,140
44,-20,192146.32734201147,116
44,20,298567.5982098481,243
44,-4,356553.8820931948,309
44,-7,303876.9714481642,167
44,8,408217.4870255104,432
44,1,417905.49944193545,441
44,-14,160778.61940045666,65
44,-17,163327.6251864371,61
44,-2,330949.17744892865,284
44,21,304395.6944272151,260
44,13,287642.18055819586,257
44,15,256236.5815704741,169
44,-19,181730.16627323587,82
44,5,375702.5595990427,398
44,-3,348447.7460759065,289
44,-11,286651.31526991964,177
44,7,383392.1560683602,403
44,10,385295.5073077857,401
44,16,243872.13964342684,151
44,12,309309.8244410081,295
44,3,397539.75287741586,412
44,-8,311322.21796501405,190
44,-15,156598.17763189776,61
44,4,378913.27704373957,397
44,-12,250402.37465440528,157
44,11,343065.55858250614,349
44,9,422237.37894337275,451
44,-10,317115.16523029294,198
44,-5,384463.55785656435,350
44,-1,324674.37005918863,290
44,-23,274945.26168154407,184
44,23,274401.44279925176,215
44,-21,210321.48943655772,126
44,17,265201.7596663955,197
45,-4,349189.49687402014,306
45,-5,329993.95849777537,260
45,10,370228.973679653,383
45,-21,216533.1968458574,133
45,8,382019.168961129,402
45,-11,276844.821211573,162
45,11,330725.0529571046,325
45,-13,169160.14125641526,71
45,1,370355.36786471924,366
45,-16,170279.90571486176,61
45,-15,168777.90357099235,64
45,-17,171332.814994012,61
45,19,278121.4191149007,214
45,16,223325.19516162504,136
45,2,399365.6898511329,416
45,-18,172549.19655121292,66
45,-19,180496.6439844178,91
45,18,271982.04922298226,204
45,-9,281568.78582406143,168
45,7,355723.6241199571,376
45,14,274784.4541479092,234
45,-14,163543.47148971367,68
45,6,348767.02550485975,378
45,5,341657.2050589891,364
45,21,330967.0182221889,296
45,-12,241448.93066676983,130
45,20,306685.4646997225,250
45,4,319698.25110533217,334
45,-7,278382.07746125764,151
45,3,337862.49953457847,348
45,9,381762.97355847113,386
45,-6,326885.36624119646,245
45,-1,335474.25456617726,308
45,0,307256.6966510494,280
45,-20,198916.26302866972,124
45,17,259928.9761049959,190
45,12,303099.5241523089,282
45,13,281674.52380924084,252
45,-2,367513.5917323714,363
45,-8,273734.5750836679,157
45,15,248352.75298401047,173
45,-10,297755.96928719763,186
45,-3,367495.1616804391,345
46,-7,303337.700033692,198
46,-1,293336.72129080433,258
46,-15,174650.2965806026,72
46,-3,340184.5044439006,301
46,2,394836.958930951,422
46,15,240264.0707622159,169
46,-8,241297.86144963547,98
46,-12,229144.89785473383,117
46,12,265198.0361715113,242
46,13,263120.6981827092,220
46,-9,225040.02152295315,96
46,-6,339659.0113178894,278
46,-4,326671.070105792,269
46,9,355490.2214248324,347
46,4,316488.6136822554,347
46,3,351486.9582363766,380
46,17,222980.71042097692,129
46,-13,175628.88468212308,74
46,0,320648.2444271056,304
46,11,302166.6174954486,282
46,-17,175085.59158623213,86
46,1,367276.3302572353,378
46,7,353467.57971553097,373
46,-16,170208.98416245478,74
46,-14,172527.17733561568,71
46,14,255795.28155066585,205
46,5,323667.3470747195,352
46,19,268767.6554309612,196
46,16,216351.7714406097,126
46,-11,224479.13349220145,101
46,-10,240486.7026406808,138
46,18,236292.04937399877,160
46,10,352770.6312667869,344
46,8,356526.2978046296,360
46,6,342981.1693937853,382
46,-19,198951.1386603544,116
46,-5,324556.1021879707,255
46,-18,193160.3498893482,94
46,-2,328944.78806379036,307
47,17,200194.0705202413,92
47,16,218177.6685327333,116
47,6,344019.51403513504,386
47,10,338390.8473887104,329
47,-7,332289.9231687906,256
47,14,241315.82382965193,187
47,9,361648.14442601445,367
47,12,253312.83562878933,230
47,5,310681.0757065951,345
47,-17,178623.73254260773,92
47,0,351098.53141282644,356
47,4,336141.36273674975,370
47,15,240181.29492721998,177
47,2,379658.8521469327,414
47,7,356911.87967119267,382
47,-2,331623.5189632844,312
47,-11,225520.24020983832,115
47,-5,335137.77932819014,295
47,11,285151.0688721504,264
47,3,377370.11802643293,414
47,-3,322069.52324846416,279
47,-10,235238.15863915512,133
47,-9,252832.6584771112,162
47,8,362848.11284018966,384
47,-13,195547.88175290023,77
47,-4,320027.28142980987,271
47,-16,170712.62656286242,81
47,-6,346243.8765248568,295
47,-1,352228.5682729535,342
47,-14,183857.2825035225,74
47,13,245157.07297970605,210
47,-8,305020.2864586498,220
47,-15,177756.8544257497,77
47,-12,229557.13256184148,117
47,1,373098.23844637047,403
48,13,225814.62538899475,197
48,1,378691.993418266,412
48,-13,197446.25982155316,79
48,-6,356182.7103807319,317
48,-7,343320.94876006874,287
48,9,356215.0869547683,365
48,7,359524.782905672,404
48,4,394374.8565922738,453
48,-3,309420.3494449547,279
48,3,381882.7501949732,425
48,10,313989.870305554,304
48,2,385032.62845245114,422
48,6,357316.8252973663,425
48,-5,357008.8554445961,326
48,12,240085.5872573733,215
48,-8,322878.6272935056,258
48,11,269016.52001746895,247
48,5,361671.22626905545,424
48,8,362700.13985337084,381
48,-1,284819.3769661844,272
48,-14,180488.108652445,80
48,0,306387.42567115265,311
48,-11,250289.74078236127,157
48,-2,332728.7249460129,310
48,-10,237884.7997379279,137
48,14,227527.08218800154,178
48,-12,231733.38759049936,125
48,-4,333368.1594717716,311
48,-9,270833.6914682886,191
49,-4,343293.4633634062,296
49,-9,289259.26989662036,198
49,-3,339199.45290300733,298
49,6,333334.39279339876,381
49,-8,328853.22886917356,257
49,5,314716.85194949695,357
49,3,310727.4121207794,347
49,-5,344586.75100302644,295
49,1,393444.0089739668,426
49,2,379375.48518665944,417
49,9,330923.914506823,338
49,-6,358044.0101188678,312
49,-1,330295.7202817387,318
49,7,339185.2391826661,362
49,0,351013.8314900501,362
49,-2,334511.7389889527,313
49,8,337277.69704386743,347
49,-7,347615.9831778212,299
49,4,280966.60999254585,312
50,0,375064.4663065558,377
